  h1   k1   l1   h2   k2   l2   ½Ç¶È	

   1    0    1    0    1    1 60.000	
   1    0    1    0    1   -1 120.000	
   1    0    1    0    1    1 60.000	
   1    0    1    0    1   -1 120.000	
   1    0    1    0   -1    1 60.000	
   1    0    1    0   -1   -1 120.000	
   1    0    1    0   -1    1 60.000	
   1    0    1    0   -1   -1 120.000	
   1    0    1    1    0    1 0.000	
   1    0    1    1    0   -1 90.000	
   1    0    1    1    1    0 60.000	
   1    0    1    1    1   -1 90.000	
   1    0    1    1   -1    0 60.000	
   1    0    1    1   -1   -1 90.000	
   1    0    1    1   -1    1 35.264	
   1    0    1    1   -1   -1 90.000	
   1    0    1    1    0    1 0.000	
   1    0    1    1    0   -1 90.000	
   1    0    1    1    1    0 60.000	
   1    0    1    1    1   -1 90.000	
   1    0    1    1   -1    0 60.000	
   1    0    1    1   -1   -1 90.000	
   1    0    1    1   -1    1 35.264	
   1    0    1    1   -1   -1 90.000	
   1    0    1   -1    0    1 90.000	
   1    0    1   -1    0   -1 180.000	
   1    0    1   -1    1    0 120.000	
   1    0    1   -1    1   -1 144.736	
   1    0    1   -1   -1    0 120.000	
   1    0    1   -1   -1   -1 144.736	
   1    0    1   -1   -1    1 90.000	
   1    0    1   -1   -1   -1 144.736	
   1    0    1   -1    0    1 90.000	
   1    0    1   -1    0   -1 180.000	
   1    0    1   -1    1    0 120.000	
   1    0    1   -1    1   -1 144.736	
   1    0    1   -1   -1    0 120.000	
   1    0    1   -1   -1   -1 144.736	
   1    0    1   -1   -1    1 90.000	
   1    0    1   -1   -1   -1 144.736	
   1    0    1   -1    1    1 90.000	
   1    0    1   -1    1   -1 144.736	
   1    0    1   -1    1    1 90.000	
   1    0    1   -1    1   -1 144.736	
   1    0    1   -1   -1    1 90.000	
   1    0    1   -1   -1   -1 144.736	
   1    0    1   -1   -1    1 90.000	
   1    0    1   -1   -1   -1 144.736	
   1    0   -1    0    1    1 120.000	
   1    0   -1    0    1   -1 60.000	
   1    0   -1    0    1    1 120.000	
   1    0   -1    0    1   -1 60.000	
   1    0   -1    0   -1    1 120.000	
   1    0   -1    0   -1   -1 60.000	
   1    0   -1    0   -1    1 120.000	
   1    0   -1    0   -1   -1 60.000	
   1    0   -1    1    0    1 90.000	
   1    0   -1    1    0   -1 0.000	
   1    0   -1    1    1    0 60.000	
   1    0   -1    1    1   -1 35.264	
   1    0   -1    1   -1    0 60.000	
   1    0   -1    1   -1   -1 35.264	
   1    0   -1    1   -1    1 90.000	
   1    0   -1    1   -1   -1 35.264	
   1    0   -1    1    0    1 90.000	
   1    0   -1    1    0   -1 0.000	
   1    0   -1    1    1    0 60.000	
   1    0   -1    1    1   -1 35.264	
   1    0   -1    1   -1    0 60.000	
   1    0   -1    1   -1   -1 35.264	
   1    0   -1    1   -1    1 90.000	
   1    0   -1    1   -1   -1 35.264	
   1    0   -1   -1    0    1 180.000	
   1    0   -1   -1    0   -1 90.000	
   1    0   -1   -1    1    0 120.000	
   1    0   -1   -1    1   -1 90.000	
   1    0   -1   -1   -1    0 120.000	
   1    0   -1   -1   -1   -1 90.000	
   1    0   -1   -1   -1    1 144.736	
   1    0   -1   -1   -1   -1 90.000	
   1    0   -1   -1    0    1 180.000	
   1    0   -1   -1    0   -1 90.000	
   1    0   -1   -1    1    0 120.000	
   1    0   -1   -1    1   -1 90.000	
   1    0   -1   -1   -1    0 120.000	
   1    0   -1   -1   -1   -1 90.000	
   1    0   -1   -1   -1    1 144.736	
   1    0   -1   -1   -1   -1 90.000	
   1    0   -1   -1    1    1 144.736	
   1    0   -1   -1    1   -1 90.000	
   1    0   -1   -1    1    1 144.736	
   1    0   -1   -1    1   -1 90.000	
   1    0   -1   -1   -1    1 144.736	
   1    0   -1   -1   -1   -1 90.000	
   1    0   -1   -1   -1    1 144.736	
   1    0   -1   -1   -1   -1 90.000	
   1    1    0    0    1    1 60.000	
   1    1    0    0    1   -1 60.000	
   1    1    0    0    1    1 60.000	
   1    1    0    0    1   -1 60.000	
   1    1    0    0   -1    1 120.000	
   1    1    0    0   -1   -1 120.000	
   1    1    0    0   -1    1 120.000	
   1    1    0    0   -1   -1 120.000	
   1    1    0    1    0    1 60.000	
   1    1    0    1    0   -1 60.000	
   1    1    0    1    1    0 0.000	
   1    1    0    1    1   -1 35.264	
   1    1    0    1   -1    0 90.000	
   1    1    0    1   -1   -1 90.000	
   1    1    0    1   -1    1 90.000	
   1    1    0    1   -1   -1 90.000	
   1    1    0    1    0    1 60.000	
   1    1    0    1    0   -1 60.000	
   1    1    0    1    1    0 0.000	
   1    1    0    1    1   -1 35.264	
   1    1    0    1   -1    0 90.000	
   1    1    0    1   -1   -1 90.000	
   1    1    0    1   -1    1 90.000	
   1    1    0    1   -1   -1 90.000	
   1    1    0   -1    0    1 120.000	
   1    1    0   -1    0   -1 120.000	
   1    1    0   -1    1    0 90.000	
   1    1    0   -1    1   -1 90.000	
   1    1    0   -1   -1    0 180.000	
   1    1    0   -1   -1   -1 144.736	
   1    1    0   -1   -1    1 144.736	
   1    1    0   -1   -1   -1 144.736	
   1    1    0   -1    0    1 120.000	
   1    1    0   -1    0   -1 120.000	
   1    1    0   -1    1    0 90.000	
   1    1    0   -1    1   -1 90.000	
   1    1    0   -1   -1    0 180.000	
   1    1    0   -1   -1   -1 144.736	
   1    1    0   -1   -1    1 144.736	
   1    1    0   -1   -1   -1 144.736	
   1    1    0   -1    1    1 90.000	
   1    1    0   -1    1   -1 90.000	
   1    1    0   -1    1    1 90.000	
   1    1    0   -1    1   -1 90.000	
   1    1    0   -1   -1    1 144.736	
   1    1    0   -1   -1   -1 144.736	
   1    1    0   -1   -1    1 144.736	
   1    1    0   -1   -1   -1 144.736	
   1    1    0    0    1    1 60.000	
   1    1    0    0    1   -1 60.000	
   1    1    0    0    1    1 60.000	
   1    1    0    0    1   -1 60.000	
   1    1    0    0   -1    1 120.000	
   1    1    0    0   -1   -1 120.000	
   1    1    0    0   -1    1 120.000	
   1    1    0    0   -1   -1 120.000	
   1    1    0    1    0    1 60.000	
   1    1    0    1    0   -1 60.000	
   1    1    0    1    1    0 0.000	
   1    1    0    1    1   -1 35.264	
   1    1    0    1   -1    0 90.000	
   1    1    0    1   -1   -1 90.000	
   1    1    0    1   -1    1 90.000	
   1    1    0    1   -1   -1 90.000	
   1    1    0    1    0    1 60.000	
   1    1    0    1    0   -1 60.000	
   1    1    0    1    1    0 0.000	
   1    1    0    1    1   -1 35.264	
   1    1    0    1   -1    0 90.000	
   1    1    0    1   -1   -1 90.000	
   1    1    0    1   -1    1 90.000	
   1    1    0    1   -1   -1 90.000	
   1    1    0   -1    0    1 120.000	
   1    1    0   -1    0   -1 120.000	
   1    1    0   -1    1    0 90.000	
   1    1    0   -1    1   -1 90.000	
   1    1    0   -1   -1    0 180.000	
   1    1    0   -1   -1   -1 144.736	
   1    1    0   -1   -1    1 144.736	
   1    1    0   -1   -1   -1 144.736	
   1    1    0   -1    0    1 120.000	
   1    1    0   -1    0   -1 120.000	
   1    1    0   -1    1    0 90.000	
   1    1    0   -1    1   -1 90.000	
   1    1    0   -1   -1    0 180.000	
   1    1    0   -1   -1   -1 144.736	
   1    1    0   -1   -1    1 144.736	
   1    1    0   -1   -1   -1 144.736	
   1    1    0   -1    1    1 90.000	
   1    1    0   -1    1   -1 90.000	
   1    1    0   -1    1    1 90.000	
   1    1    0   -1    1   -1 90.000	
   1    1    0   -1   -1    1 144.736	
   1    1    0   -1   -1   -1 144.736	
   1    1    0   -1   -1    1 144.736	
   1    1    0   -1   -1   -1 144.736	
   1   -1    0    0    1    1 120.000	
   1   -1    0    0    1   -1 120.000	
   1   -1    0    0    1    1 120.000	
   1   -1    0    0    1   -1 120.000	
   1   -1    0    0   -1    1 60.000	
   1   -1    0    0   -1   -1 60.000	
   1   -1    0    0   -1    1 60.000	
   1   -1    0    0   -1   -1 60.000	
   1   -1    0    1    0    1 60.000	
   1   -1    0    1    0   -1 60.000	
   1   -1    0    1    1    0 90.000	
   1   -1    0    1    1   -1 90.000	
   1   -1    0    1   -1    0 0.000	
   1   -1    0    1   -1   -1 35.264	
   1   -1    0    1   -1    1 35.264	
   1   -1    0    1   -1   -1 35.264	
   1   -1    0    1    0    1 60.000	
   1   -1    0    1    0   -1 60.000	
   1   -1    0    1    1    0 90.000	
   1   -1    0    1    1   -1 90.000	
   1   -1    0    1   -1    0 0.000	
   1   -1    0    1   -1   -1 35.264	
   1   -1    0    1   -1    1 35.264	
   1   -1    0    1   -1   -1 35.264	
   1   -1    0   -1    0    1 120.000	
   1   -1    0   -1    0   -1 120.000	
   1   -1    0   -1    1    0 180.000	
   1   -1    0   -1    1   -1 144.736	
   1   -1    0   -1   -1    0 90.000	
   1   -1    0   -1   -1   -1 90.000	
   1   -1    0   -1   -1    1 90.000	
   1   -1    0   -1   -1   -1 90.000	
   1   -1    0   -1    0    1 120.000	
   1   -1    0   -1    0   -1 120.000	
   1   -1    0   -1    1    0 180.000	
   1   -1    0   -1    1   -1 144.736	
   1   -1    0   -1   -1    0 90.000	
   1   -1    0   -1   -1   -1 90.000	
   1   -1    0   -1   -1    1 90.000	
   1   -1    0   -1   -1   -1 90.000	
   1   -1    0   -1    1    1 144.736	
   1   -1    0   -1    1   -1 144.736	
   1   -1    0   -1    1    1 144.736	
   1   -1    0   -1    1   -1 144.736	
   1   -1    0   -1   -1    1 90.000	
   1   -1    0   -1   -1   -1 90.000	
   1   -1    0   -1   -1    1 90.000	
   1   -1    0   -1   -1   -1 90.000	
   1   -1    0    0    1    1 120.000	
   1   -1    0    0    1   -1 120.000	
   1   -1    0    0    1    1 120.000	
   1   -1    0    0    1   -1 120.000	
   1   -1    0    0   -1    1 60.000	
   1   -1    0    0   -1   -1 60.000	
   1   -1    0    0   -1    1 60.000	
   1   -1    0    0   -1   -1 60.000	
   1   -1    0    1    0    1 60.000	
   1   -1    0    1    0   -1 60.000	
   1   -1    0    1    1    0 90.000	
   1   -1    0    1    1   -1 90.000	
   1   -1    0    1   -1    0 0.000	
   1   -1    0    1   -1   -1 35.264	
   1   -1    0    1   -1    1 35.264	
   1   -1    0    1   -1   -1 35.264	
   1   -1    0    1    0    1 60.000	
   1   -1    0    1    0   -1 60.000	
   1   -1    0    1    1    0 90.000	
   1   -1    0    1    1   -1 90.000	
   1   -1    0    1   -1    0 0.000	
   1   -1    0    1   -1   -1 35.264	
   1   -1    0    1   -1    1 35.264	
   1   -1    0    1   -1   -1 35.264	
   1   -1    0   -1    0    1 120.000	
   1   -1    0   -1    0   -1 120.000	
   1   -1    0   -1    1    0 180.000	
   1   -1    0   -1    1   -1 144.736	
   1   -1    0   -1   -1    0 90.000	
   1   -1    0   -1   -1   -1 90.000	
   1   -1    0   -1   -1    1 90.000	
   1   -1    0   -1   -1   -1 90.000	
   1   -1    0   -1    0    1 120.000	
   1   -1    0   -1    0   -1 120.000	
   1   -1    0   -1    1    0 180.000	
   1   -1    0   -1    1   -1 144.736	
   1   -1    0   -1   -1    0 90.000	
   1   -1    0   -1   -1   -1 90.000	
   1   -1    0   -1   -1    1 90.000	
   1   -1    0   -1   -1   -1 90.000	
   1   -1    0   -1    1    1 144.736	
   1   -1    0   -1    1   -1 144.736	
   1   -1    0   -1    1    1 144.736	
   1   -1    0   -1    1   -1 144.736	
   1   -1    0   -1   -1    1 90.000	
   1   -1    0   -1   -1   -1 90.000	
   1   -1    0   -1   -1    1 90.000	
   1   -1    0   -1   -1   -1 90.000	
   1    0    1    0    1    1 60.000	
   1    0    1    0    1   -1 120.000	
   1    0    1    0    1    1 60.000	
   1    0    1    0    1   -1 120.000	
   1    0    1    0   -1    1 60.000	
   1    0    1    0   -1   -1 120.000	
   1    0    1    0   -1    1 60.000	
   1    0    1    0   -1   -1 120.000	
   1    0    1    1    0    1 0.000	
   1    0    1    1    0   -1 90.000	
   1    0    1    1    1    0 60.000	
   1    0    1    1    1   -1 90.000	
   1    0    1    1   -1    0 60.000	
   1    0    1    1   -1   -1 90.000	
   1    0    1    1   -1    1 35.264	
   1    0    1    1   -1   -1 90.000	
   1    0    1    1    0    1 0.000	
   1    0    1    1    0   -1 90.000	
   1    0    1    1    1    0 60.000	
   1    0    1    1    1   -1 90.000	
   1    0    1    1   -1    0 60.000	
   1    0    1    1   -1   -1 90.000	
   1    0    1    1   -1    1 35.264	
   1    0    1    1   -1   -1 90.000	
   1    0    1   -1    0    1 90.000	
   1    0    1   -1    0   -1 180.000	
   1    0    1   -1    1    0 120.000	
   1    0    1   -1    1   -1 144.736	
   1    0    1   -1   -1    0 120.000	
   1    0    1   -1   -1   -1 144.736	
   1    0    1   -1   -1    1 90.000	
   1    0    1   -1   -1   -1 144.736	
   1    0    1   -1    0    1 90.000	
   1    0    1   -1    0   -1 180.000	
   1    0    1   -1    1    0 120.000	
   1    0    1   -1    1   -1 144.736	
   1    0    1   -1   -1    0 120.000	
   1    0    1   -1   -1   -1 144.736	
   1    0    1   -1   -1    1 90.000	
   1    0    1   -1   -1   -1 144.736	
   1    0    1   -1    1    1 90.000	
   1    0    1   -1    1   -1 144.736	
   1    0    1   -1    1    1 90.000	
   1    0    1   -1    1   -1 144.736	
   1    0    1   -1   -1    1 90.000	
   1    0    1   -1   -1   -1 144.736	
   1    0    1   -1   -1    1 90.000	
   1    0    1   -1   -1   -1 144.736	
   1    0   -1    0    1    1 120.000	
   1    0   -1    0    1   -1 60.000	
   1    0   -1    0    1    1 120.000	
   1    0   -1    0    1   -1 60.000	
   1    0   -1    0   -1    1 120.000	
   1    0   -1    0   -1   -1 60.000	
   1    0   -1    0   -1    1 120.000	
   1    0   -1    0   -1   -1 60.000	
   1    0   -1    1    0    1 90.000	
   1    0   -1    1    0   -1 0.000	
   1    0   -1    1    1    0 60.000	
   1    0   -1    1    1   -1 35.264	
   1    0   -1    1   -1    0 60.000	
   1    0   -1    1   -1   -1 35.264	
   1    0   -1    1   -1    1 90.000	
   1    0   -1    1   -1   -1 35.264	
   1    0   -1    1    0    1 90.000	
   1    0   -1    1    0   -1 0.000	
   1    0   -1    1    1    0 60.000	
   1    0   -1    1    1   -1 35.264	
   1    0   -1    1   -1    0 60.000	
   1    0   -1    1   -1   -1 35.264	
   1    0   -1    1   -1    1 90.000	
   1    0   -1    1   -1   -1 35.264	
   1    0   -1   -1    0    1 180.000	
   1    0   -1   -1    0   -1 90.000	
   1    0   -1   -1    1    0 120.000	
   1    0   -1   -1    1   -1 90.000	
   1    0   -1   -1   -1    0 120.000	
   1    0   -1   -1   -1   -1 90.000	
   1    0   -1   -1   -1    1 144.736	
   1    0   -1   -1   -1   -1 90.000	
   1    0   -1   -1    0    1 180.000	
   1    0   -1   -1    0   -1 90.000	
   1    0   -1   -1    1    0 120.000	
   1    0   -1   -1    1   -1 90.000	
   1    0   -1   -1   -1    0 120.000	
   1    0   -1   -1   -1   -1 90.000	
   1    0   -1   -1   -1    1 144.736	
   1    0   -1   -1   -1   -1 90.000	
   1    0   -1   -1    1    1 144.736	
   1    0   -1   -1    1   -1 90.000	
   1    0   -1   -1    1    1 144.736	
   1    0   -1   -1    1   -1 90.000	
   1    0   -1   -1   -1    1 144.736	
   1    0   -1   -1   -1   -1 90.000	
   1    0   -1   -1   -1    1 144.736	
   1    0   -1   -1   -1   -1 90.000	
   0    1    1    0    1    1 0.000	
   0    1    1    0    1   -1 90.000	
   0    1    1    0    1    1 0.000	
   0    1    1    0    1   -1 90.000	
   0    1    1    0   -1    1 90.000	
   0    1    1    0   -1   -1 180.000	
   0    1    1    0   -1    1 90.000	
   0    1    1    0   -1   -1 180.000	
   0    1    1    1    0    1 60.000	
   0    1    1    1    0   -1 120.000	
   0    1    1    1    1    0 60.000	
   0    1    1    1    1   -1 90.000	
   0    1    1    1   -1    0 120.000	
   0    1    1    1   -1   -1 144.736	
   0    1    1    1   -1    1 90.000	
   0    1    1    1   -1   -1 144.736	
   0    1    1    1    0    1 60.000	
   0    1    1    1    0   -1 120.000	
   0    1    1    1    1    0 60.000	
   0    1    1    1    1   -1 90.000	
   0    1    1    1   -1    0 120.000	
   0    1    1    1   -1   -1 144.736	
   0    1    1    1   -1    1 90.000	
   0    1    1    1   -1   -1 144.736	
   0    1    1   -1    0    1 60.000	
   0    1    1   -1    0   -1 120.000	
   0    1    1   -1    1    0 60.000	
   0    1    1   -1    1   -1 90.000	
   0    1    1   -1   -1    0 120.000	
   0    1    1   -1   -1   -1 144.736	
   0    1    1   -1   -1    1 90.000	
   0    1    1   -1   -1   -1 144.736	
   0    1    1   -1    0    1 60.000	
   0    1    1   -1    0   -1 120.000	
   0    1    1   -1    1    0 60.000	
   0    1    1   -1    1   -1 90.000	
   0    1    1   -1   -1    0 120.000	
   0    1    1   -1   -1   -1 144.736	
   0    1    1   -1   -1    1 90.000	
   0    1    1   -1   -1   -1 144.736	
   0    1    1   -1    1    1 35.264	
   0    1    1   -1    1   -1 90.000	
   0    1    1   -1    1    1 35.264	
   0    1    1   -1    1   -1 90.000	
   0    1    1   -1   -1    1 90.000	
   0    1    1   -1   -1   -1 144.736	
   0    1    1   -1   -1    1 90.000	
   0    1    1   -1   -1   -1 144.736	
   0    1   -1    0    1    1 90.000	
   0    1   -1    0    1   -1 0.000	
   0    1   -1    0    1    1 90.000	
   0    1   -1    0    1   -1 0.000	
   0    1   -1    0   -1    1 180.000	
   0    1   -1    0   -1   -1 90.000	
   0    1   -1    0   -1    1 180.000	
   0    1   -1    0   -1   -1 90.000	
   0    1   -1    1    0    1 120.000	
   0    1   -1    1    0   -1 60.000	
   0    1   -1    1    1    0 60.000	
   0    1   -1    1    1   -1 35.264	
   0    1   -1    1   -1    0 120.000	
   0    1   -1    1   -1   -1 90.000	
   0    1   -1    1   -1    1 144.736	
   0    1   -1    1   -1   -1 90.000	
   0    1   -1    1    0    1 120.000	
   0    1   -1    1    0   -1 60.000	
   0    1   -1    1    1    0 60.000	
   0    1   -1    1    1   -1 35.264	
   0    1   -1    1   -1    0 120.000	
   0    1   -1    1   -1   -1 90.000	
   0    1   -1    1   -1    1 144.736	
   0    1   -1    1   -1   -1 90.000	
   0    1   -1   -1    0    1 120.000	
   0    1   -1   -1    0   -1 60.000	
   0    1   -1   -1    1    0 60.000	
   0    1   -1   -1    1   -1 35.264	
   0    1   -1   -1   -1    0 120.000	
   0    1   -1   -1   -1   -1 90.000	
   0    1   -1   -1   -1    1 144.736	
   0    1   -1   -1   -1   -1 90.000	
   0    1   -1   -1    0    1 120.000	
   0    1   -1   -1    0   -1 60.000	
   0    1   -1   -1    1    0 60.000	
   0    1   -1   -1    1   -1 35.264	
   0    1   -1   -1   -1    0 120.000	
   0    1   -1   -1   -1   -1 90.000	
   0    1   -1   -1   -1    1 144.736	
   0    1   -1   -1   -1   -1 90.000	
   0    1   -1   -1    1    1 90.000	
   0    1   -1   -1    1   -1 35.264	
   0    1   -1   -1    1    1 90.000	
   0    1   -1   -1    1   -1 35.264	
   0    1   -1   -1   -1    1 144.736	
   0    1   -1   -1   -1   -1 90.000	
   0    1   -1   -1   -1    1 144.736	
   0    1   -1   -1   -1   -1 90.000	
   0    1    1    0    1    1 0.000	
   0    1    1    0    1   -1 90.000	
   0    1    1    0    1    1 0.000	
   0    1    1    0    1   -1 90.000	
   0    1    1    0   -1    1 90.000	
   0    1    1    0   -1   -1 180.000	
   0    1    1    0   -1    1 90.000	
   0    1    1    0   -1   -1 180.000	
   0    1    1    1    0    1 60.000	
   0    1    1    1    0   -1 120.000	
   0    1    1    1    1    0 60.000	
   0    1    1    1    1   -1 90.000	
   0    1    1    1   -1    0 120.000	
   0    1    1    1   -1   -1 144.736	
   0    1    1    1   -1    1 90.000	
   0    1    1    1   -1   -1 144.736	
   0    1    1    1    0    1 60.000	
   0    1    1    1    0   -1 120.000	
   0    1    1    1    1    0 60.000	
   0    1    1    1    1   -1 90.000	
   0    1    1    1   -1    0 120.000	
   0    1    1    1   -1   -1 144.736	
   0    1    1    1   -1    1 90.000	
   0    1    1    1   -1   -1 144.736	
   0    1    1   -1    0    1 60.000	
   0    1    1   -1    0   -1 120.000	
   0    1    1   -1    1    0 60.000	
   0    1    1   -1    1   -1 90.000	
   0    1    1   -1   -1    0 120.000	
   0    1    1   -1   -1   -1 144.736	
   0    1    1   -1   -1    1 90.000	
   0    1    1   -1   -1   -1 144.736	
   0    1    1   -1    0    1 60.000	
   0    1    1   -1    0   -1 120.000	
   0    1    1   -1    1    0 60.000	
   0    1    1   -1    1   -1 90.000	
   0    1    1   -1   -1    0 120.000	
   0    1    1   -1   -1   -1 144.736	
   0    1    1   -1   -1    1 90.000	
   0    1    1   -1   -1   -1 144.736	
   0    1    1   -1    1    1 35.264	
   0    1    1   -1    1   -1 90.000	
   0    1    1   -1    1    1 35.264	
   0    1    1   -1    1   -1 90.000	
   0    1    1   -1   -1    1 90.000	
   0    1    1   -1   -1   -1 144.736	
   0    1    1   -1   -1    1 90.000	
   0    1    1   -1   -1   -1 144.736	
   0    1   -1    0    1    1 90.000	
   0    1   -1    0    1   -1 0.000	
   0    1   -1    0    1    1 90.000	
   0    1   -1    0    1   -1 0.000	
   0    1   -1    0   -1    1 180.000	
   0    1   -1    0   -1   -1 90.000	
   0    1   -1    0   -1    1 180.000	
   0    1   -1    0   -1   -1 90.000	
   0    1   -1    1    0    1 120.000	
   0    1   -1    1    0   -1 60.000	
   0    1   -1    1    1    0 60.000	
   0    1   -1    1    1   -1 35.264	
   0    1   -1    1   -1    0 120.000	
   0    1   -1    1   -1   -1 90.000	
   0    1   -1    1   -1    1 144.736	
   0    1   -1    1   -1   -1 90.000	
   0    1   -1    1    0    1 120.000	
   0    1   -1    1    0   -1 60.000	
   0    1   -1    1    1    0 60.000	
   0    1   -1    1    1   -1 35.264	
   0    1   -1    1   -1    0 120.000	
   0    1   -1    1   -1   -1 90.000	
   0    1   -1    1   -1    1 144.736	
   0    1   -1    1   -1   -1 90.000	
   0    1   -1   -1    0    1 120.000	
   0    1   -1   -1    0   -1 60.000	
   0    1   -1   -1    1    0 60.000	
   0    1   -1   -1    1   -1 35.264	
   0    1   -1   -1   -1    0 120.000	
   0    1   -1   -1   -1   -1 90.000	
   0    1   -1   -1   -1    1 144.736	
   0    1   -1   -1   -1   -1 90.000	
   0    1   -1   -1    0    1 120.000	
   0    1   -1   -1    0   -1 60.000	
   0    1   -1   -1    1    0 60.000	
   0    1   -1   -1    1   -1 35.264	
   0    1   -1   -1   -1    0 120.000	
   0    1   -1   -1   -1   -1 90.000	
   0    1   -1   -1   -1    1 144.736	
   0    1   -1   -1   -1   -1 90.000	
   0    1   -1   -1    1    1 90.000	
   0    1   -1   -1    1   -1 35.264	
   0    1   -1   -1    1    1 90.000	
   0    1   -1   -1    1   -1 35.264	
   0    1   -1   -1   -1    1 144.736	
   0    1   -1   -1   -1   -1 90.000	
   0    1   -1   -1   -1    1 144.736	
   0    1   -1   -1   -1   -1 90.000	
   0   -1    1    0    1    1 90.000	
   0   -1    1    0    1   -1 180.000	
   0   -1    1    0    1    1 90.000	
   0   -1    1    0    1   -1 180.000	
   0   -1    1    0   -1    1 0.000	
   0   -1    1    0   -1   -1 90.000	
   0   -1    1    0   -1    1 0.000	
   0   -1    1    0   -1   -1 90.000	
   0   -1    1    1    0    1 60.000	
   0   -1    1    1    0   -1 120.000	
   0   -1    1    1    1    0 120.000	
   0   -1    1    1    1   -1 144.736	
   0   -1    1    1   -1    0 60.000	
   0   -1    1    1   -1   -1 90.000	
   0   -1    1    1   -1    1 35.264	
   0   -1    1    1   -1   -1 90.000	
   0   -1    1    1    0    1 60.000	
   0   -1    1    1    0   -1 120.000	
   0   -1    1    1    1    0 120.000	
   0   -1    1    1    1   -1 144.736	
   0   -1    1    1   -1    0 60.000	
   0   -1    1    1   -1   -1 90.000	
   0   -1    1    1   -1    1 35.264	
   0   -1    1    1   -1   -1 90.000	
   0   -1    1   -1    0    1 60.000	
   0   -1    1   -1    0   -1 120.000	
   0   -1    1   -1    1    0 120.000	
   0   -1    1   -1    1   -1 144.736	
   0   -1    1   -1   -1    0 60.000	
   0   -1    1   -1   -1   -1 90.000	
   0   -1    1   -1   -1    1 35.264	
   0   -1    1   -1   -1   -1 90.000	
   0   -1    1   -1    0    1 60.000	
   0   -1    1   -1    0   -1 120.000	
   0   -1    1   -1    1    0 120.000	
   0   -1    1   -1    1   -1 144.736	
   0   -1    1   -1   -1    0 60.000	
   0   -1    1   -1   -1   -1 90.000	
   0   -1    1   -1   -1    1 35.264	
   0   -1    1   -1   -1   -1 90.000	
   0   -1    1   -1    1    1 90.000	
   0   -1    1   -1    1   -1 144.736	
   0   -1    1   -1    1    1 90.000	
   0   -1    1   -1    1   -1 144.736	
   0   -1    1   -1   -1    1 35.264	
   0   -1    1   -1   -1   -1 90.000	
   0   -1    1   -1   -1    1 35.264	
   0   -1    1   -1   -1   -1 90.000	
   0   -1   -1    0    1    1 180.000	
   0   -1   -1    0    1   -1 90.000	
   0   -1   -1    0    1    1 180.000	
   0   -1   -1    0    1   -1 90.000	
   0   -1   -1    0   -1    1 90.000	
   0   -1   -1    0   -1   -1 0.000	
   0   -1   -1    0   -1    1 90.000	
   0   -1   -1    0   -1   -1 0.000	
   0   -1   -1    1    0    1 120.000	
   0   -1   -1    1    0   -1 60.000	
   0   -1   -1    1    1    0 120.000	
   0   -1   -1    1    1   -1 90.000	
   0   -1   -1    1   -1    0 60.000	
   0   -1   -1    1   -1   -1 35.264	
   0   -1   -1    1   -1    1 90.000	
   0   -1   -1    1   -1   -1 35.264	
   0   -1   -1    1    0    1 120.000	
   0   -1   -1    1    0   -1 60.000	
   0   -1   -1    1    1    0 120.000	
   0   -1   -1    1    1   -1 90.000	
   0   -1   -1    1   -1    0 60.000	
   0   -1   -1    1   -1   -1 35.264	
   0   -1   -1    1   -1    1 90.000	
   0   -1   -1    1   -1   -1 35.264	
   0   -1   -1   -1    0    1 120.000	
   0   -1   -1   -1    0   -1 60.000	
   0   -1   -1   -1    1    0 120.000	
   0   -1   -1   -1    1   -1 90.000	
   0   -1   -1   -1   -1    0 60.000	
   0   -1   -1   -1   -1   -1 35.264	
   0   -1   -1   -1   -1    1 90.000	
   0   -1   -1   -1   -1   -1 35.264	
   0   -1   -1   -1    0    1 120.000	
   0   -1   -1   -1    0   -1 60.000	
   0   -1   -1   -1    1    0 120.000	
   0   -1   -1   -1    1   -1 90.000	
   0   -1   -1   -1   -1    0 60.000	
   0   -1   -1   -1   -1   -1 35.264	
   0   -1   -1   -1   -1    1 90.000	
   0   -1   -1   -1   -1   -1 35.264	
   0   -1   -1   -1    1    1 144.736	
   0   -1   -1   -1    1   -1 90.000	
   0   -1   -1   -1    1    1 144.736	
   0   -1   -1   -1    1   -1 90.000	
   0   -1   -1   -1   -1    1 90.000	
   0   -1   -1   -1   -1   -1 35.264	
   0   -1   -1   -1   -1    1 90.000	
   0   -1   -1   -1   -1   -1 35.264	
   0   -1    1    0    1    1 90.000	
   0   -1    1    0    1   -1 180.000	
   0   -1    1    0    1    1 90.000	
   0   -1    1    0    1   -1 180.000	
   0   -1    1    0   -1    1 0.000	
   0   -1    1    0   -1   -1 90.000	
   0   -1    1    0   -1    1 0.000	
   0   -1    1    0   -1   -1 90.000	
   0   -1    1    1    0    1 60.000	
   0   -1    1    1    0   -1 120.000	
   0   -1    1    1    1    0 120.000	
   0   -1    1    1    1   -1 144.736	
   0   -1    1    1   -1    0 60.000	
   0   -1    1    1   -1   -1 90.000	
   0   -1    1    1   -1    1 35.264	
   0   -1    1    1   -1   -1 90.000	
   0   -1    1    1    0    1 60.000	
   0   -1    1    1    0   -1 120.000	
   0   -1    1    1    1    0 120.000	
   0   -1    1    1    1   -1 144.736	
   0   -1    1    1   -1    0 60.000	
   0   -1    1    1   -1   -1 90.000	
   0   -1    1    1   -1    1 35.264	
   0   -1    1    1   -1   -1 90.000	
   0   -1    1   -1    0    1 60.000	
   0   -1    1   -1    0   -1 120.000	
   0   -1    1   -1    1    0 120.000	
   0   -1    1   -1    1   -1 144.736	
   0   -1    1   -1   -1    0 60.000	
   0   -1    1   -1   -1   -1 90.000	
   0   -1    1   -1   -1    1 35.264	
   0   -1    1   -1   -1   -1 90.000	
   0   -1    1   -1    0    1 60.000	
   0   -1    1   -1    0   -1 120.000	
   0   -1    1   -1    1    0 120.000	
   0   -1    1   -1    1   -1 144.736	
   0   -1    1   -1   -1    0 60.000	
   0   -1    1   -1   -1   -1 90.000	
   0   -1    1   -1   -1    1 35.264	
   0   -1    1   -1   -1   -1 90.000	
   0   -1    1   -1    1    1 90.000	
   0   -1    1   -1    1   -1 144.736	
   0   -1    1   -1    1    1 90.000	
   0   -1    1   -1    1   -1 144.736	
   0   -1    1   -1   -1    1 35.264	
   0   -1    1   -1   -1   -1 90.000	
   0   -1    1   -1   -1    1 35.264	
   0   -1    1   -1   -1   -1 90.000	
   0   -1   -1    0    1    1 180.000	
   0   -1   -1    0    1   -1 90.000	
   0   -1   -1    0    1    1 180.000	
   0   -1   -1    0    1   -1 90.000	
   0   -1   -1    0   -1    1 90.000	
   0   -1   -1    0   -1   -1 0.000	
   0   -1   -1    0   -1    1 90.000	
   0   -1   -1    0   -1   -1 0.000	
   0   -1   -1    1    0    1 120.000	
   0   -1   -1    1    0   -1 60.000	
   0   -1   -1    1    1    0 120.000	
   0   -1   -1    1    1   -1 90.000	
   0   -1   -1    1   -1    0 60.000	
   0   -1   -1    1   -1   -1 35.264	
   0   -1   -1    1   -1    1 90.000	
   0   -1   -1    1   -1   -1 35.264	
   0   -1   -1    1    0    1 120.000	
   0   -1   -1    1    0   -1 60.000	
   0   -1   -1    1    1    0 120.000	
   0   -1   -1    1    1   -1 90.000	
   0   -1   -1    1   -1    0 60.000	
   0   -1   -1    1   -1   -1 35.264	
   0   -1   -1    1   -1    1 90.000	
   0   -1   -1    1   -1   -1 35.264	
   0   -1   -1   -1    0    1 120.000	
   0   -1   -1   -1    0   -1 60.000	
   0   -1   -1   -1    1    0 120.000	
   0   -1   -1   -1    1   -1 90.000	
   0   -1   -1   -1   -1    0 60.000	
   0   -1   -1   -1   -1   -1 35.264	
   0   -1   -1   -1   -1    1 90.000	
   0   -1   -1   -1   -1   -1 35.264	
   0   -1   -1   -1    0    1 120.000	
   0   -1   -1   -1    0   -1 60.000	
   0   -1   -1   -1    1    0 120.000	
   0   -1   -1   -1    1   -1 90.000	
   0   -1   -1   -1   -1    0 60.000	
   0   -1   -1   -1   -1   -1 35.264	
   0   -1   -1   -1   -1    1 90.000	
   0   -1   -1   -1   -1   -1 35.264	
   0   -1   -1   -1    1    1 144.736	
   0   -1   -1   -1    1   -1 90.000	
   0   -1   -1   -1    1    1 144.736	
   0   -1   -1   -1    1   -1 90.000	
   0   -1   -1   -1   -1    1 90.000	
   0   -1   -1   -1   -1   -1 35.264	
   0   -1   -1   -1   -1    1 90.000	
   0   -1   -1   -1   -1   -1 35.264	
   1    1    0    0    1    1 60.000	
   1    1    0    0    1   -1 60.000	
   1    1    0    0    1    1 60.000	
   1    1    0    0    1   -1 60.000	
   1    1    0    0   -1    1 120.000	
   1    1    0    0   -1   -1 120.000	
   1    1    0    0   -1    1 120.000	
   1    1    0    0   -1   -1 120.000	
   1    1    0    1    0    1 60.000	
   1    1    0    1    0   -1 60.000	
   1    1    0    1    1    0 0.000	
   1    1    0    1    1   -1 35.264	
   1    1    0    1   -1    0 90.000	
   1    1    0    1   -1   -1 90.000	
   1    1    0    1   -1    1 90.000	
   1    1    0    1   -1   -1 90.000	
   1    1    0    1    0    1 60.000	
   1    1    0    1    0   -1 60.000	
   1    1    0    1    1    0 0.000	
   1    1    0    1    1   -1 35.264	
   1    1    0    1   -1    0 90.000	
   1    1    0    1   -1   -1 90.000	
   1    1    0    1   -1    1 90.000	
   1    1    0    1   -1   -1 90.000	
   1    1    0   -1    0    1 120.000	
   1    1    0   -1    0   -1 120.000	
   1    1    0   -1    1    0 90.000	
   1    1    0   -1    1   -1 90.000	
   1    1    0   -1   -1    0 180.000	
   1    1    0   -1   -1   -1 144.736	
   1    1    0   -1   -1    1 144.736	
   1    1    0   -1   -1   -1 144.736	
   1    1    0   -1    0    1 120.000	
   1    1    0   -1    0   -1 120.000	
   1    1    0   -1    1    0 90.000	
   1    1    0   -1    1   -1 90.000	
   1    1    0   -1   -1    0 180.000	
   1    1    0   -1   -1   -1 144.736	
   1    1    0   -1   -1    1 144.736	
   1    1    0   -1   -1   -1 144.736	
   1    1    0   -1    1    1 90.000	
   1    1    0   -1    1   -1 90.000	
   1    1    0   -1    1    1 90.000	
   1    1    0   -1    1   -1 90.000	
   1    1    0   -1   -1    1 144.736	
   1    1    0   -1   -1   -1 144.736	
   1    1    0   -1   -1    1 144.736	
   1    1    0   -1   -1   -1 144.736	
   1    1    0    0    1    1 60.000	
   1    1    0    0    1   -1 60.000	
   1    1    0    0    1    1 60.000	
   1    1    0    0    1   -1 60.000	
   1    1    0    0   -1    1 120.000	
   1    1    0    0   -1   -1 120.000	
   1    1    0    0   -1    1 120.000	
   1    1    0    0   -1   -1 120.000	
   1    1    0    1    0    1 60.000	
   1    1    0    1    0   -1 60.000	
   1    1    0    1    1    0 0.000	
   1    1    0    1    1   -1 35.264	
   1    1    0    1   -1    0 90.000	
   1    1    0    1   -1   -1 90.000	
   1    1    0    1   -1    1 90.000	
   1    1    0    1   -1   -1 90.000	
   1    1    0    1    0    1 60.000	
   1    1    0    1    0   -1 60.000	
   1    1    0    1    1    0 0.000	
   1    1    0    1    1   -1 35.264	
   1    1    0    1   -1    0 90.000	
   1    1    0    1   -1   -1 90.000	
   1    1    0    1   -1    1 90.000	
   1    1    0    1   -1   -1 90.000	
   1    1    0   -1    0    1 120.000	
   1    1    0   -1    0   -1 120.000	
   1    1    0   -1    1    0 90.000	
   1    1    0   -1    1   -1 90.000	
   1    1    0   -1   -1    0 180.000	
   1    1    0   -1   -1   -1 144.736	
   1    1    0   -1   -1    1 144.736	
   1    1    0   -1   -1   -1 144.736	
   1    1    0   -1    0    1 120.000	
   1    1    0   -1    0   -1 120.000	
   1    1    0   -1    1    0 90.000	
   1    1    0   -1    1   -1 90.000	
   1    1    0   -1   -1    0 180.000	
   1    1    0   -1   -1   -1 144.736	
   1    1    0   -1   -1    1 144.736	
   1    1    0   -1   -1   -1 144.736	
   1    1    0   -1    1    1 90.000	
   1    1    0   -1    1   -1 90.000	
   1    1    0   -1    1    1 90.000	
   1    1    0   -1    1   -1 90.000	
   1    1    0   -1   -1    1 144.736	
   1    1    0   -1   -1   -1 144.736	
   1    1    0   -1   -1    1 144.736	
   1    1    0   -1   -1   -1 144.736	
   1    0    1    0    1    1 60.000	
   1    0    1    0    1   -1 120.000	
   1    0    1    0    1    1 60.000	
   1    0    1    0    1   -1 120.000	
   1    0    1    0   -1    1 60.000	
   1    0    1    0   -1   -1 120.000	
   1    0    1    0   -1    1 60.000	
   1    0    1    0   -1   -1 120.000	
   1    0    1    1    0    1 0.000	
   1    0    1    1    0   -1 90.000	
   1    0    1    1    1    0 60.000	
   1    0    1    1    1   -1 90.000	
   1    0    1    1   -1    0 60.000	
   1    0    1    1   -1   -1 90.000	
   1    0    1    1   -1    1 35.264	
   1    0    1    1   -1   -1 90.000	
   1    0    1    1    0    1 0.000	
   1    0    1    1    0   -1 90.000	
   1    0    1    1    1    0 60.000	
   1    0    1    1    1   -1 90.000	
   1    0    1    1   -1    0 60.000	
   1    0    1    1   -1   -1 90.000	
   1    0    1    1   -1    1 35.264	
   1    0    1    1   -1   -1 90.000	
   1    0    1   -1    0    1 90.000	
   1    0    1   -1    0   -1 180.000	
   1    0    1   -1    1    0 120.000	
   1    0    1   -1    1   -1 144.736	
   1    0    1   -1   -1    0 120.000	
   1    0    1   -1   -1   -1 144.736	
   1    0    1   -1   -1    1 90.000	
   1    0    1   -1   -1   -1 144.736	
   1    0    1   -1    0    1 90.000	
   1    0    1   -1    0   -1 180.000	
   1    0    1   -1    1    0 120.000	
   1    0    1   -1    1   -1 144.736	
   1    0    1   -1   -1    0 120.000	
   1    0    1   -1   -1   -1 144.736	
   1    0    1   -1   -1    1 90.000	
   1    0    1   -1   -1   -1 144.736	
   1    0    1   -1    1    1 90.000	
   1    0    1   -1    1   -1 144.736	
   1    0    1   -1    1    1 90.000	
   1    0    1   -1    1   -1 144.736	
   1    0    1   -1   -1    1 90.000	
   1    0    1   -1   -1   -1 144.736	
   1    0    1   -1   -1    1 90.000	
   1    0    1   -1   -1   -1 144.736	
   1    0   -1    0    1    1 120.000	
   1    0   -1    0    1   -1 60.000	
   1    0   -1    0    1    1 120.000	
   1    0   -1    0    1   -1 60.000	
   1    0   -1    0   -1    1 120.000	
   1    0   -1    0   -1   -1 60.000	
   1    0   -1    0   -1    1 120.000	
   1    0   -1    0   -1   -1 60.000	
   1    0   -1    1    0    1 90.000	
   1    0   -1    1    0   -1 0.000	
   1    0   -1    1    1    0 60.000	
   1    0   -1    1    1   -1 35.264	
   1    0   -1    1   -1    0 60.000	
   1    0   -1    1   -1   -1 35.264	
   1    0   -1    1   -1    1 90.000	
   1    0   -1    1   -1   -1 35.264	
   1    0   -1    1    0    1 90.000	
   1    0   -1    1    0   -1 0.000	
   1    0   -1    1    1    0 60.000	
   1    0   -1    1    1   -1 35.264	
   1    0   -1    1   -1    0 60.000	
   1    0   -1    1   -1   -1 35.264	
   1    0   -1    1   -1    1 90.000	
   1    0   -1    1   -1   -1 35.264	
   1    0   -1   -1    0    1 180.000	
   1    0   -1   -1    0   -1 90.000	
   1    0   -1   -1    1    0 120.000	
   1    0   -1   -1    1   -1 90.000	
   1    0   -1   -1   -1    0 120.000	
   1    0   -1   -1   -1   -1 90.000	
   1    0   -1   -1   -1    1 144.736	
   1    0   -1   -1   -1   -1 90.000	
   1    0   -1   -1    0    1 180.000	
   1    0   -1   -1    0   -1 90.000	
   1    0   -1   -1    1    0 120.000	
   1    0   -1   -1    1   -1 90.000	
   1    0   -1   -1   -1    0 120.000	
   1    0   -1   -1   -1   -1 90.000	
   1    0   -1   -1   -1    1 144.736	
   1    0   -1   -1   -1   -1 90.000	
   1    0   -1   -1    1    1 144.736	
   1    0   -1   -1    1   -1 90.000	
   1    0   -1   -1    1    1 144.736	
   1    0   -1   -1    1   -1 90.000	
   1    0   -1   -1   -1    1 144.736	
   1    0   -1   -1   -1   -1 90.000	
   1    0   -1   -1   -1    1 144.736	
   1    0   -1   -1   -1   -1 90.000	
   1    0    1    0    1    1 60.000	
   1    0    1    0    1   -1 120.000	
   1    0    1    0    1    1 60.000	
   1    0    1    0    1   -1 120.000	
   1    0    1    0   -1    1 60.000	
   1    0    1    0   -1   -1 120.000	
   1    0    1    0   -1    1 60.000	
   1    0    1    0   -1   -1 120.000	
   1    0    1    1    0    1 0.000	
   1    0    1    1    0   -1 90.000	
   1    0    1    1    1    0 60.000	
   1    0    1    1    1   -1 90.000	
   1    0    1    1   -1    0 60.000	
   1    0    1    1   -1   -1 90.000	
   1    0    1    1   -1    1 35.264	
   1    0    1    1   -1   -1 90.000	
   1    0    1    1    0    1 0.000	
   1    0    1    1    0   -1 90.000	
   1    0    1    1    1    0 60.000	
   1    0    1    1    1   -1 90.000	
   1    0    1    1   -1    0 60.000	
   1    0    1    1   -1   -1 90.000	
   1    0    1    1   -1    1 35.264	
   1    0    1    1   -1   -1 90.000	
   1    0    1   -1    0    1 90.000	
   1    0    1   -1    0   -1 180.000	
   1    0    1   -1    1    0 120.000	
   1    0    1   -1    1   -1 144.736	
   1    0    1   -1   -1    0 120.000	
   1    0    1   -1   -1   -1 144.736	
   1    0    1   -1   -1    1 90.000	
   1    0    1   -1   -1   -1 144.736	
   1    0    1   -1    0    1 90.000	
   1    0    1   -1    0   -1 180.000	
   1    0    1   -1    1    0 120.000	
   1    0    1   -1    1   -1 144.736	
   1    0    1   -1   -1    0 120.000	
   1    0    1   -1   -1   -1 144.736	
   1    0    1   -1   -1    1 90.000	
   1    0    1   -1   -1   -1 144.736	
   1    0    1   -1    1    1 90.000	
   1    0    1   -1    1   -1 144.736	
   1    0    1   -1    1    1 90.000	
   1    0    1   -1    1   -1 144.736	
   1    0    1   -1   -1    1 90.000	
   1    0    1   -1   -1   -1 144.736	
   1    0    1   -1   -1    1 90.000	
   1    0    1   -1   -1   -1 144.736	
   1    0   -1    0    1    1 120.000	
   1    0   -1    0    1   -1 60.000	
   1    0   -1    0    1    1 120.000	
   1    0   -1    0    1   -1 60.000	
   1    0   -1    0   -1    1 120.000	
   1    0   -1    0   -1   -1 60.000	
   1    0   -1    0   -1    1 120.000	
   1    0   -1    0   -1   -1 60.000	
   1    0   -1    1    0    1 90.000	
   1    0   -1    1    0   -1 0.000	
   1    0   -1    1    1    0 60.000	
   1    0   -1    1    1   -1 35.264	
   1    0   -1    1   -1    0 60.000	
   1    0   -1    1   -1   -1 35.264	
   1    0   -1    1   -1    1 90.000	
   1    0   -1    1   -1   -1 35.264	
   1    0   -1    1    0    1 90.000	
   1    0   -1    1    0   -1 0.000	
   1    0   -1    1    1    0 60.000	
   1    0   -1    1    1   -1 35.264	
   1    0   -1    1   -1    0 60.000	
   1    0   -1    1   -1   -1 35.264	
   1    0   -1    1   -1    1 90.000	
   1    0   -1    1   -1   -1 35.264	
   1    0   -1   -1    0    1 180.000	
   1    0   -1   -1    0   -1 90.000	
   1    0   -1   -1    1    0 120.000	
   1    0   -1   -1    1   -1 90.000	
   1    0   -1   -1   -1    0 120.000	
   1    0   -1   -1   -1   -1 90.000	
   1    0   -1   -1   -1    1 144.736	
   1    0   -1   -1   -1   -1 90.000	
   1    0   -1   -1    0    1 180.000	
   1    0   -1   -1    0   -1 90.000	
   1    0   -1   -1    1    0 120.000	
   1    0   -1   -1    1   -1 90.000	
   1    0   -1   -1   -1    0 120.000	
   1    0   -1   -1   -1   -1 90.000	
   1    0   -1   -1   -1    1 144.736	
   1    0   -1   -1   -1   -1 90.000	
   1    0   -1   -1    1    1 144.736	
   1    0   -1   -1    1   -1 90.000	
   1    0   -1   -1    1    1 144.736	
   1    0   -1   -1    1   -1 90.000	
   1    0   -1   -1   -1    1 144.736	
   1    0   -1   -1   -1   -1 90.000	
   1    0   -1   -1   -1    1 144.736	
   1    0   -1   -1   -1   -1 90.000	
   1   -1    0    0    1    1 120.000	
   1   -1    0    0    1   -1 120.000	
   1   -1    0    0    1    1 120.000	
   1   -1    0    0    1   -1 120.000	
   1   -1    0    0   -1    1 60.000	
   1   -1    0    0   -1   -1 60.000	
   1   -1    0    0   -1    1 60.000	
   1   -1    0    0   -1   -1 60.000	
   1   -1    0    1    0    1 60.000	
   1   -1    0    1    0   -1 60.000	
   1   -1    0    1    1    0 90.000	
   1   -1    0    1    1   -1 90.000	
   1   -1    0    1   -1    0 0.000	
   1   -1    0    1   -1   -1 35.264	
   1   -1    0    1   -1    1 35.264	
   1   -1    0    1   -1   -1 35.264	
   1   -1    0    1    0    1 60.000	
   1   -1    0    1    0   -1 60.000	
   1   -1    0    1    1    0 90.000	
   1   -1    0    1    1   -1 90.000	
   1   -1    0    1   -1    0 0.000	
   1   -1    0    1   -1   -1 35.264	
   1   -1    0    1   -1    1 35.264	
   1   -1    0    1   -1   -1 35.264	
   1   -1    0   -1    0    1 120.000	
   1   -1    0   -1    0   -1 120.000	
   1   -1    0   -1    1    0 180.000	
   1   -1    0   -1    1   -1 144.736	
   1   -1    0   -1   -1    0 90.000	
   1   -1    0   -1   -1   -1 90.000	
   1   -1    0   -1   -1    1 90.000	
   1   -1    0   -1   -1   -1 90.000	
   1   -1    0   -1    0    1 120.000	
   1   -1    0   -1    0   -1 120.000	
   1   -1    0   -1    1    0 180.000	
   1   -1    0   -1    1   -1 144.736	
   1   -1    0   -1   -1    0 90.000	
   1   -1    0   -1   -1   -1 90.000	
   1   -1    0   -1   -1    1 90.000	
   1   -1    0   -1   -1   -1 90.000	
   1   -1    0   -1    1    1 144.736	
   1   -1    0   -1    1   -1 144.736	
   1   -1    0   -1    1    1 144.736	
   1   -1    0   -1    1   -1 144.736	
   1   -1    0   -1   -1    1 90.000	
   1   -1    0   -1   -1   -1 90.000	
   1   -1    0   -1   -1    1 90.000	
   1   -1    0   -1   -1   -1 90.000	
   1   -1    0    0    1    1 120.000	
   1   -1    0    0    1   -1 120.000	
   1   -1    0    0    1    1 120.000	
   1   -1    0    0    1   -1 120.000	
   1   -1    0    0   -1    1 60.000	
   1   -1    0    0   -1   -1 60.000	
   1   -1    0    0   -1    1 60.000	
   1   -1    0    0   -1   -1 60.000	
   1   -1    0    1    0    1 60.000	
   1   -1    0    1    0   -1 60.000	
   1   -1    0    1    1    0 90.000	
   1   -1    0    1    1   -1 90.000	
   1   -1    0    1   -1    0 0.000	
   1   -1    0    1   -1   -1 35.264	
   1   -1    0    1   -1    1 35.264	
   1   -1    0    1   -1   -1 35.264	
   1   -1    0    1    0    1 60.000	
   1   -1    0    1    0   -1 60.000	
   1   -1    0    1    1    0 90.000	
   1   -1    0    1    1   -1 90.000	
   1   -1    0    1   -1    0 0.000	
   1   -1    0    1   -1   -1 35.264	
   1   -1    0    1   -1    1 35.264	
   1   -1    0    1   -1   -1 35.264	
   1   -1    0   -1    0    1 120.000	
   1   -1    0   -1    0   -1 120.000	
   1   -1    0   -1    1    0 180.000	
   1   -1    0   -1    1   -1 144.736	
   1   -1    0   -1   -1    0 90.000	
   1   -1    0   -1   -1   -1 90.000	
   1   -1    0   -1   -1    1 90.000	
   1   -1    0   -1   -1   -1 90.000	
   1   -1    0   -1    0    1 120.000	
   1   -1    0   -1    0   -1 120.000	
   1   -1    0   -1    1    0 180.000	
   1   -1    0   -1    1   -1 144.736	
   1   -1    0   -1   -1    0 90.000	
   1   -1    0   -1   -1   -1 90.000	
   1   -1    0   -1   -1    1 90.000	
   1   -1    0   -1   -1   -1 90.000	
   1   -1    0   -1    1    1 144.736	
   1   -1    0   -1    1   -1 144.736	
   1   -1    0   -1    1    1 144.736	
   1   -1    0   -1    1   -1 144.736	
   1   -1    0   -1   -1    1 90.000	
   1   -1    0   -1   -1   -1 90.000	
   1   -1    0   -1   -1    1 90.000	
   1   -1    0   -1   -1   -1 90.000	
  -1    1    0    0    1    1 60.000	
  -1    1    0    0    1   -1 60.000	
  -1    1    0    0    1    1 60.000	
  -1    1    0    0    1   -1 60.000	
  -1    1    0    0   -1    1 120.000	
  -1    1    0    0   -1   -1 120.000	
  -1    1    0    0   -1    1 120.000	
  -1    1    0    0   -1   -1 120.000	
  -1    1    0    1    0    1 120.000	
  -1    1    0    1    0   -1 120.000	
  -1    1    0    1    1    0 90.000	
  -1    1    0    1    1   -1 90.000	
  -1    1    0    1   -1    0 180.000	
  -1    1    0    1   -1   -1 144.736	
  -1    1    0    1   -1    1 144.736	
  -1    1    0    1   -1   -1 144.736	
  -1    1    0    1    0    1 120.000	
  -1    1    0    1    0   -1 120.000	
  -1    1    0    1    1    0 90.000	
  -1    1    0    1    1   -1 90.000	
  -1    1    0    1   -1    0 180.000	
  -1    1    0    1   -1   -1 144.736	
  -1    1    0    1   -1    1 144.736	
  -1    1    0    1   -1   -1 144.736	
  -1    1    0   -1    0    1 60.000	
  -1    1    0   -1    0   -1 60.000	
  -1    1    0   -1    1    0 0.000	
  -1    1    0   -1    1   -1 35.264	
  -1    1    0   -1   -1    0 90.000	
  -1    1    0   -1   -1   -1 90.000	
  -1    1    0   -1   -1    1 90.000	
  -1    1    0   -1   -1   -1 90.000	
  -1    1    0   -1    0    1 60.000	
  -1    1    0   -1    0   -1 60.000	
  -1    1    0   -1    1    0 0.000	
  -1    1    0   -1    1   -1 35.264	
  -1    1    0   -1   -1    0 90.000	
  -1    1    0   -1   -1   -1 90.000	
  -1    1    0   -1   -1    1 90.000	
  -1    1    0   -1   -1   -1 90.000	
  -1    1    0   -1    1    1 35.264	
  -1    1    0   -1    1   -1 35.264	
  -1    1    0   -1    1    1 35.264	
  -1    1    0   -1    1   -1 35.264	
  -1    1    0   -1   -1    1 90.000	
  -1    1    0   -1   -1   -1 90.000	
  -1    1    0   -1   -1    1 90.000	
  -1    1    0   -1   -1   -1 90.000	
  -1    1    0    0    1    1 60.000	
  -1    1    0    0    1   -1 60.000	
  -1    1    0    0    1    1 60.000	
  -1    1    0    0    1   -1 60.000	
  -1    1    0    0   -1    1 120.000	
  -1    1    0    0   -1   -1 120.000	
  -1    1    0    0   -1    1 120.000	
  -1    1    0    0   -1   -1 120.000	
  -1    1    0    1    0    1 120.000	
  -1    1    0    1    0   -1 120.000	
  -1    1    0    1    1    0 90.000	
  -1    1    0    1    1   -1 90.000	
  -1    1    0    1   -1    0 180.000	
  -1    1    0    1   -1   -1 144.736	
  -1    1    0    1   -1    1 144.736	
  -1    1    0    1   -1   -1 144.736	
  -1    1    0    1    0    1 120.000	
  -1    1    0    1    0   -1 120.000	
  -1    1    0    1    1    0 90.000	
  -1    1    0    1    1   -1 90.000	
  -1    1    0    1   -1    0 180.000	
  -1    1    0    1   -1   -1 144.736	
  -1    1    0    1   -1    1 144.736	
  -1    1    0    1   -1   -1 144.736	
  -1    1    0   -1    0    1 60.000	
  -1    1    0   -1    0   -1 60.000	
  -1    1    0   -1    1    0 0.000	
  -1    1    0   -1    1   -1 35.264	
  -1    1    0   -1   -1    0 90.000	
  -1    1    0   -1   -1   -1 90.000	
  -1    1    0   -1   -1    1 90.000	
  -1    1    0   -1   -1   -1 90.000	
  -1    1    0   -1    0    1 60.000	
  -1    1    0   -1    0   -1 60.000	
  -1    1    0   -1    1    0 0.000	
  -1    1    0   -1    1   -1 35.264	
  -1    1    0   -1   -1    0 90.000	
  -1    1    0   -1   -1   -1 90.000	
  -1    1    0   -1   -1    1 90.000	
  -1    1    0   -1   -1   -1 90.000	
  -1    1    0   -1    1    1 35.264	
  -1    1    0   -1    1   -1 35.264	
  -1    1    0   -1    1    1 35.264	
  -1    1    0   -1    1   -1 35.264	
  -1    1    0   -1   -1    1 90.000	
  -1    1    0   -1   -1   -1 90.000	
  -1    1    0   -1   -1    1 90.000	
  -1    1    0   -1   -1   -1 90.000	
  -1    0    1    0    1    1 60.000	
  -1    0    1    0    1   -1 120.000	
  -1    0    1    0    1    1 60.000	
  -1    0    1    0    1   -1 120.000	
  -1    0    1    0   -1    1 60.000	
  -1    0    1    0   -1   -1 120.000	
  -1    0    1    0   -1    1 60.000	
  -1    0    1    0   -1   -1 120.000	
  -1    0    1    1    0    1 90.000	
  -1    0    1    1    0   -1 180.000	
  -1    0    1    1    1    0 120.000	
  -1    0    1    1    1   -1 144.736	
  -1    0    1    1   -1    0 120.000	
  -1    0    1    1   -1   -1 144.736	
  -1    0    1    1   -1    1 90.000	
  -1    0    1    1   -1   -1 144.736	
  -1    0    1    1    0    1 90.000	
  -1    0    1    1    0   -1 180.000	
  -1    0    1    1    1    0 120.000	
  -1    0    1    1    1   -1 144.736	
  -1    0    1    1   -1    0 120.000	
  -1    0    1    1   -1   -1 144.736	
  -1    0    1    1   -1    1 90.000	
  -1    0    1    1   -1   -1 144.736	
  -1    0    1   -1    0    1 0.000	
  -1    0    1   -1    0   -1 90.000	
  -1    0    1   -1    1    0 60.000	
  -1    0    1   -1    1   -1 90.000	
  -1    0    1   -1   -1    0 60.000	
  -1    0    1   -1   -1   -1 90.000	
  -1    0    1   -1   -1    1 35.264	
  -1    0    1   -1   -1   -1 90.000	
  -1    0    1   -1    0    1 0.000	
  -1    0    1   -1    0   -1 90.000	
  -1    0    1   -1    1    0 60.000	
  -1    0    1   -1    1   -1 90.000	
  -1    0    1   -1   -1    0 60.000	
  -1    0    1   -1   -1   -1 90.000	
  -1    0    1   -1   -1    1 35.264	
  -1    0    1   -1   -1   -1 90.000	
  -1    0    1   -1    1    1 35.264	
  -1    0    1   -1    1   -1 90.000	
  -1    0    1   -1    1    1 35.264	
  -1    0    1   -1    1   -1 90.000	
  -1    0    1   -1   -1    1 35.264	
  -1    0    1   -1   -1   -1 90.000	
  -1    0    1   -1   -1    1 35.264	
  -1    0    1   -1   -1   -1 90.000	
  -1    0   -1    0    1    1 120.000	
  -1    0   -1    0    1   -1 60.000	
  -1    0   -1    0    1    1 120.000	
  -1    0   -1    0    1   -1 60.000	
  -1    0   -1    0   -1    1 120.000	
  -1    0   -1    0   -1   -1 60.000	
  -1    0   -1    0   -1    1 120.000	
  -1    0   -1    0   -1   -1 60.000	
  -1    0   -1    1    0    1 180.000	
  -1    0   -1    1    0   -1 90.000	
  -1    0   -1    1    1    0 120.000	
  -1    0   -1    1    1   -1 90.000	
  -1    0   -1    1   -1    0 120.000	
  -1    0   -1    1   -1   -1 90.000	
  -1    0   -1    1   -1    1 144.736	
  -1    0   -1    1   -1   -1 90.000	
  -1    0   -1    1    0    1 180.000	
  -1    0   -1    1    0   -1 90.000	
  -1    0   -1    1    1    0 120.000	
  -1    0   -1    1    1   -1 90.000	
  -1    0   -1    1   -1    0 120.000	
  -1    0   -1    1   -1   -1 90.000	
  -1    0   -1    1   -1    1 144.736	
  -1    0   -1    1   -1   -1 90.000	
  -1    0   -1   -1    0    1 90.000	
  -1    0   -1   -1    0   -1 0.000	
  -1    0   -1   -1    1    0 60.000	
  -1    0   -1   -1    1   -1 35.264	
  -1    0   -1   -1   -1    0 60.000	
  -1    0   -1   -1   -1   -1 35.264	
  -1    0   -1   -1   -1    1 90.000	
  -1    0   -1   -1   -1   -1 35.264	
  -1    0   -1   -1    0    1 90.000	
  -1    0   -1   -1    0   -1 0.000	
  -1    0   -1   -1    1    0 60.000	
  -1    0   -1   -1    1   -1 35.264	
  -1    0   -1   -1   -1    0 60.000	
  -1    0   -1   -1   -1   -1 35.264	
  -1    0   -1   -1   -1    1 90.000	
  -1    0   -1   -1   -1   -1 35.264	
  -1    0   -1   -1    1    1 90.000	
  -1    0   -1   -1    1   -1 35.264	
  -1    0   -1   -1    1    1 90.000	
  -1    0   -1   -1    1   -1 35.264	
  -1    0   -1   -1   -1    1 90.000	
  -1    0   -1   -1   -1   -1 35.264	
  -1    0   -1   -1   -1    1 90.000	
  -1    0   -1   -1   -1   -1 35.264	
  -1    0    1    0    1    1 60.000	
  -1    0    1    0    1   -1 120.000	
  -1    0    1    0    1    1 60.000	
  -1    0    1    0    1   -1 120.000	
  -1    0    1    0   -1    1 60.000	
  -1    0    1    0   -1   -1 120.000	
  -1    0    1    0   -1    1 60.000	
  -1    0    1    0   -1   -1 120.000	
  -1    0    1    1    0    1 90.000	
  -1    0    1    1    0   -1 180.000	
  -1    0    1    1    1    0 120.000	
  -1    0    1    1    1   -1 144.736	
  -1    0    1    1   -1    0 120.000	
  -1    0    1    1   -1   -1 144.736	
  -1    0    1    1   -1    1 90.000	
  -1    0    1    1   -1   -1 144.736	
  -1    0    1    1    0    1 90.000	
  -1    0    1    1    0   -1 180.000	
  -1    0    1    1    1    0 120.000	
  -1    0    1    1    1   -1 144.736	
  -1    0    1    1   -1    0 120.000	
  -1    0    1    1   -1   -1 144.736	
  -1    0    1    1   -1    1 90.000	
  -1    0    1    1   -1   -1 144.736	
  -1    0    1   -1    0    1 0.000	
  -1    0    1   -1    0   -1 90.000	
  -1    0    1   -1    1    0 60.000	
  -1    0    1   -1    1   -1 90.000	
  -1    0    1   -1   -1    0 60.000	
  -1    0    1   -1   -1   -1 90.000	
  -1    0    1   -1   -1    1 35.264	
  -1    0    1   -1   -1   -1 90.000	
  -1    0    1   -1    0    1 0.000	
  -1    0    1   -1    0   -1 90.000	
  -1    0    1   -1    1    0 60.000	
  -1    0    1   -1    1   -1 90.000	
  -1    0    1   -1   -1    0 60.000	
  -1    0    1   -1   -1   -1 90.000	
  -1    0    1   -1   -1    1 35.264	
  -1    0    1   -1   -1   -1 90.000	
  -1    0    1   -1    1    1 35.264	
  -1    0    1   -1    1   -1 90.000	
  -1    0    1   -1    1    1 35.264	
  -1    0    1   -1    1   -1 90.000	
  -1    0    1   -1   -1    1 35.264	
  -1    0    1   -1   -1   -1 90.000	
  -1    0    1   -1   -1    1 35.264	
  -1    0    1   -1   -1   -1 90.000	
  -1    0   -1    0    1    1 120.000	
  -1    0   -1    0    1   -1 60.000	
  -1    0   -1    0    1    1 120.000	
  -1    0   -1    0    1   -1 60.000	
  -1    0   -1    0   -1    1 120.000	
  -1    0   -1    0   -1   -1 60.000	
  -1    0   -1    0   -1    1 120.000	
  -1    0   -1    0   -1   -1 60.000	
  -1    0   -1    1    0    1 180.000	
  -1    0   -1    1    0   -1 90.000	
  -1    0   -1    1    1    0 120.000	
  -1    0   -1    1    1   -1 90.000	
  -1    0   -1    1   -1    0 120.000	
  -1    0   -1    1   -1   -1 90.000	
  -1    0   -1    1   -1    1 144.736	
  -1    0   -1    1   -1   -1 90.000	
  -1    0   -1    1    0    1 180.000	
  -1    0   -1    1    0   -1 90.000	
  -1    0   -1    1    1    0 120.000	
  -1    0   -1    1    1   -1 90.000	
  -1    0   -1    1   -1    0 120.000	
  -1    0   -1    1   -1   -1 90.000	
  -1    0   -1    1   -1    1 144.736	
  -1    0   -1    1   -1   -1 90.000	
  -1    0   -1   -1    0    1 90.000	
  -1    0   -1   -1    0   -1 0.000	
  -1    0   -1   -1    1    0 60.000	
  -1    0   -1   -1    1   -1 35.264	
  -1    0   -1   -1   -1    0 60.000	
  -1    0   -1   -1   -1   -1 35.264	
  -1    0   -1   -1   -1    1 90.000	
  -1    0   -1   -1   -1   -1 35.264	
  -1    0   -1   -1    0    1 90.000	
  -1    0   -1   -1    0   -1 0.000	
  -1    0   -1   -1    1    0 60.000	
  -1    0   -1   -1    1   -1 35.264	
  -1    0   -1   -1   -1    0 60.000	
  -1    0   -1   -1   -1   -1 35.264	
  -1    0   -1   -1   -1    1 90.000	
  -1    0   -1   -1   -1   -1 35.264	
  -1    0   -1   -1    1    1 90.000	
  -1    0   -1   -1    1   -1 35.264	
  -1    0   -1   -1    1    1 90.000	
  -1    0   -1   -1    1   -1 35.264	
  -1    0   -1   -1   -1    1 90.000	
  -1    0   -1   -1   -1   -1 35.264	
  -1    0   -1   -1   -1    1 90.000	
  -1    0   -1   -1   -1   -1 35.264	
  -1   -1    0    0    1    1 120.000	
  -1   -1    0    0    1   -1 120.000	
  -1   -1    0    0    1    1 120.000	
  -1   -1    0    0    1   -1 120.000	
  -1   -1    0    0   -1    1 60.000	
  -1   -1    0    0   -1   -1 60.000	
  -1   -1    0    0   -1    1 60.000	
  -1   -1    0    0   -1   -1 60.000	
  -1   -1    0    1    0    1 120.000	
  -1   -1    0    1    0   -1 120.000	
  -1   -1    0    1    1    0 180.000	
  -1   -1    0    1    1   -1 144.736	
  -1   -1    0    1   -1    0 90.000	
  -1   -1    0    1   -1   -1 90.000	
  -1   -1    0    1   -1    1 90.000	
  -1   -1    0    1   -1   -1 90.000	
  -1   -1    0    1    0    1 120.000	
  -1   -1    0    1    0   -1 120.000	
  -1   -1    0    1    1    0 180.000	
  -1   -1    0    1    1   -1 144.736	
  -1   -1    0    1   -1    0 90.000	
  -1   -1    0    1   -1   -1 90.000	
  -1   -1    0    1   -1    1 90.000	
  -1   -1    0    1   -1   -1 90.000	
  -1   -1    0   -1    0    1 60.000	
  -1   -1    0   -1    0   -1 60.000	
  -1   -1    0   -1    1    0 90.000	
  -1   -1    0   -1    1   -1 90.000	
  -1   -1    0   -1   -1    0 0.000	
  -1   -1    0   -1   -1   -1 35.264	
  -1   -1    0   -1   -1    1 35.264	
  -1   -1    0   -1   -1   -1 35.264	
  -1   -1    0   -1    0    1 60.000	
  -1   -1    0   -1    0   -1 60.000	
  -1   -1    0   -1    1    0 90.000	
  -1   -1    0   -1    1   -1 90.000	
  -1   -1    0   -1   -1    0 0.000	
  -1   -1    0   -1   -1   -1 35.264	
  -1   -1    0   -1   -1    1 35.264	
  -1   -1    0   -1   -1   -1 35.264	
  -1   -1    0   -1    1    1 90.000	
  -1   -1    0   -1    1   -1 90.000	
  -1   -1    0   -1    1    1 90.000	
  -1   -1    0   -1    1   -1 90.000	
  -1   -1    0   -1   -1    1 35.264	
  -1   -1    0   -1   -1   -1 35.264	
  -1   -1    0   -1   -1    1 35.264	
  -1   -1    0   -1   -1   -1 35.264	
  -1   -1    0    0    1    1 120.000	
  -1   -1    0    0    1   -1 120.000	
  -1   -1    0    0    1    1 120.000	
  -1   -1    0    0    1   -1 120.000	
  -1   -1    0    0   -1    1 60.000	
  -1   -1    0    0   -1   -1 60.000	
  -1   -1    0    0   -1    1 60.000	
  -1   -1    0    0   -1   -1 60.000	
  -1   -1    0    1    0    1 120.000	
  -1   -1    0    1    0   -1 120.000	
  -1   -1    0    1    1    0 180.000	
  -1   -1    0    1    1   -1 144.736	
  -1   -1    0    1   -1    0 90.000	
  -1   -1    0    1   -1   -1 90.000	
  -1   -1    0    1   -1    1 90.000	
  -1   -1    0    1   -1   -1 90.000	
  -1   -1    0    1    0    1 120.000	
  -1   -1    0    1    0   -1 120.000	
  -1   -1    0    1    1    0 180.000	
  -1   -1    0    1    1   -1 144.736	
  -1   -1    0    1   -1    0 90.000	
  -1   -1    0    1   -1   -1 90.000	
  -1   -1    0    1   -1    1 90.000	
  -1   -1    0    1   -1   -1 90.000	
  -1   -1    0   -1    0    1 60.000	
  -1   -1    0   -1    0   -1 60.000	
  -1   -1    0   -1    1    0 90.000	
  -1   -1    0   -1    1   -1 90.000	
  -1   -1    0   -1   -1    0 0.000	
  -1   -1    0   -1   -1   -1 35.264	
  -1   -1    0   -1   -1    1 35.264	
  -1   -1    0   -1   -1   -1 35.264	
  -1   -1    0   -1    0    1 60.000	
  -1   -1    0   -1    0   -1 60.000	
  -1   -1    0   -1    1    0 90.000	
  -1   -1    0   -1    1   -1 90.000	
  -1   -1    0   -1   -1    0 0.000	
  -1   -1    0   -1   -1   -1 35.264	
  -1   -1    0   -1   -1    1 35.264	
  -1   -1    0   -1   -1   -1 35.264	
  -1   -1    0   -1    1    1 90.000	
  -1   -1    0   -1    1   -1 90.000	
  -1   -1    0   -1    1    1 90.000	
  -1   -1    0   -1    1   -1 90.000	
  -1   -1    0   -1   -1    1 35.264	
  -1   -1    0   -1   -1   -1 35.264	
  -1   -1    0   -1   -1    1 35.264	
  -1   -1    0   -1   -1   -1 35.264	
   0    1    1    0    1    1 0.000	
   0    1    1    0    1   -1 90.000	
   0    1    1    0    1    1 0.000	
   0    1    1    0    1   -1 90.000	
   0    1    1    0   -1    1 90.000	
   0    1    1    0   -1   -1 180.000	
   0    1    1    0   -1    1 90.000	
   0    1    1    0   -1   -1 180.000	
   0    1    1    1    0    1 60.000	
   0    1    1    1    0   -1 120.000	
   0    1    1    1    1    0 60.000	
   0    1    1    1    1   -1 90.000	
   0    1    1    1   -1    0 120.000	
   0    1    1    1   -1   -1 144.736	
   0    1    1    1   -1    1 90.000	
   0    1    1    1   -1   -1 144.736	
   0    1    1    1    0    1 60.000	
   0    1    1    1    0   -1 120.000	
   0    1    1    1    1    0 60.000	
   0    1    1    1    1   -1 90.000	
   0    1    1    1   -1    0 120.000	
   0    1    1    1   -1   -1 144.736	
   0    1    1    1   -1    1 90.000	
   0    1    1    1   -1   -1 144.736	
   0    1    1   -1    0    1 60.000	
   0    1    1   -1    0   -1 120.000	
   0    1    1   -1    1    0 60.000	
   0    1    1   -1    1   -1 90.000	
   0    1    1   -1   -1    0 120.000	
   0    1    1   -1   -1   -1 144.736	
   0    1    1   -1   -1    1 90.000	
   0    1    1   -1   -1   -1 144.736	
   0    1    1   -1    0    1 60.000	
   0    1    1   -1    0   -1 120.000	
   0    1    1   -1    1    0 60.000	
   0    1    1   -1    1   -1 90.000	
   0    1    1   -1   -1    0 120.000	
   0    1    1   -1   -1   -1 144.736	
   0    1    1   -1   -1    1 90.000	
   0    1    1   -1   -1   -1 144.736	
   0    1    1   -1    1    1 35.264	
   0    1    1   -1    1   -1 90.000	
   0    1    1   -1    1    1 35.264	
   0    1    1   -1    1   -1 90.000	
   0    1    1   -1   -1    1 90.000	
   0    1    1   -1   -1   -1 144.736	
   0    1    1   -1   -1    1 90.000	
   0    1    1   -1   -1   -1 144.736	
   0    1   -1    0    1    1 90.000	
   0    1   -1    0    1   -1 0.000	
   0    1   -1    0    1    1 90.000	
   0    1   -1    0    1   -1 0.000	
   0    1   -1    0   -1    1 180.000	
   0    1   -1    0   -1   -1 90.000	
   0    1   -1    0   -1    1 180.000	
   0    1   -1    0   -1   -1 90.000	
   0    1   -1    1    0    1 120.000	
   0    1   -1    1    0   -1 60.000	
   0    1   -1    1    1    0 60.000	
   0    1   -1    1    1   -1 35.264	
   0    1   -1    1   -1    0 120.000	
   0    1   -1    1   -1   -1 90.000	
   0    1   -1    1   -1    1 144.736	
   0    1   -1    1   -1   -1 90.000	
   0    1   -1    1    0    1 120.000	
   0    1   -1    1    0   -1 60.000	
   0    1   -1    1    1    0 60.000	
   0    1   -1    1    1   -1 35.264	
   0    1   -1    1   -1    0 120.000	
   0    1   -1    1   -1   -1 90.000	
   0    1   -1    1   -1    1 144.736	
   0    1   -1    1   -1   -1 90.000	
   0    1   -1   -1    0    1 120.000	
   0    1   -1   -1    0   -1 60.000	
   0    1   -1   -1    1    0 60.000	
   0    1   -1   -1    1   -1 35.264	
   0    1   -1   -1   -1    0 120.000	
   0    1   -1   -1   -1   -1 90.000	
   0    1   -1   -1   -1    1 144.736	
   0    1   -1   -1   -1   -1 90.000	
   0    1   -1   -1    0    1 120.000	
   0    1   -1   -1    0   -1 60.000	
   0    1   -1   -1    1    0 60.000	
   0    1   -1   -1    1   -1 35.264	
   0    1   -1   -1   -1    0 120.000	
   0    1   -1   -1   -1   -1 90.000	
   0    1   -1   -1   -1    1 144.736	
   0    1   -1   -1   -1   -1 90.000	
   0    1   -1   -1    1    1 90.000	
   0    1   -1   -1    1   -1 35.264	
   0    1   -1   -1    1    1 90.000	
   0    1   -1   -1    1   -1 35.264	
   0    1   -1   -1   -1    1 144.736	
   0    1   -1   -1   -1   -1 90.000	
   0    1   -1   -1   -1    1 144.736	
   0    1   -1   -1   -1   -1 90.000	
   0    1    1    0    1    1 0.000	
   0    1    1    0    1   -1 90.000	
   0    1    1    0    1    1 0.000	
   0    1    1    0    1   -1 90.000	
   0    1    1    0   -1    1 90.000	
   0    1    1    0   -1   -1 180.000	
   0    1    1    0   -1    1 90.000	
   0    1    1    0   -1   -1 180.000	
   0    1    1    1    0    1 60.000	
   0    1    1    1    0   -1 120.000	
   0    1    1    1    1    0 60.000	
   0    1    1    1    1   -1 90.000	
   0    1    1    1   -1    0 120.000	
   0    1    1    1   -1   -1 144.736	
   0    1    1    1   -1    1 90.000	
   0    1    1    1   -1   -1 144.736	
   0    1    1    1    0    1 60.000	
   0    1    1    1    0   -1 120.000	
   0    1    1    1    1    0 60.000	
   0    1    1    1    1   -1 90.000	
   0    1    1    1   -1    0 120.000	
   0    1    1    1   -1   -1 144.736	
   0    1    1    1   -1    1 90.000	
   0    1    1    1   -1   -1 144.736	
   0    1    1   -1    0    1 60.000	
   0    1    1   -1    0   -1 120.000	
   0    1    1   -1    1    0 60.000	
   0    1    1   -1    1   -1 90.000	
   0    1    1   -1   -1    0 120.000	
   0    1    1   -1   -1   -1 144.736	
   0    1    1   -1   -1    1 90.000	
   0    1    1   -1   -1   -1 144.736	
   0    1    1   -1    0    1 60.000	
   0    1    1   -1    0   -1 120.000	
   0    1    1   -1    1    0 60.000	
   0    1    1   -1    1   -1 90.000	
   0    1    1   -1   -1    0 120.000	
   0    1    1   -1   -1   -1 144.736	
   0    1    1   -1   -1    1 90.000	
   0    1    1   -1   -1   -1 144.736	
   0    1    1   -1    1    1 35.264	
   0    1    1   -1    1   -1 90.000	
   0    1    1   -1    1    1 35.264	
   0    1    1   -1    1   -1 90.000	
   0    1    1   -1   -1    1 90.000	
   0    1    1   -1   -1   -1 144.736	
   0    1    1   -1   -1    1 90.000	
   0    1    1   -1   -1   -1 144.736	
   0    1   -1    0    1    1 90.000	
   0    1   -1    0    1   -1 0.000	
   0    1   -1    0    1    1 90.000	
   0    1   -1    0    1   -1 0.000	
   0    1   -1    0   -1    1 180.000	
   0    1   -1    0   -1   -1 90.000	
   0    1   -1    0   -1    1 180.000	
   0    1   -1    0   -1   -1 90.000	
   0    1   -1    1    0    1 120.000	
   0    1   -1    1    0   -1 60.000	
   0    1   -1    1    1    0 60.000	
   0    1   -1    1    1   -1 35.264	
   0    1   -1    1   -1    0 120.000	
   0    1   -1    1   -1   -1 90.000	
   0    1   -1    1   -1    1 144.736	
   0    1   -1    1   -1   -1 90.000	
   0    1   -1    1    0    1 120.000	
   0    1   -1    1    0   -1 60.000	
   0    1   -1    1    1    0 60.000	
   0    1   -1    1    1   -1 35.264	
   0    1   -1    1   -1    0 120.000	
   0    1   -1    1   -1   -1 90.000	
   0    1   -1    1   -1    1 144.736	
   0    1   -1    1   -1   -1 90.000	
   0    1   -1   -1    0    1 120.000	
   0    1   -1   -1    0   -1 60.000	
   0    1   -1   -1    1    0 60.000	
   0    1   -1   -1    1   -1 35.264	
   0    1   -1   -1   -1    0 120.000	
   0    1   -1   -1   -1   -1 90.000	
   0    1   -1   -1   -1    1 144.736	
   0    1   -1   -1   -1   -1 90.000	
   0    1   -1   -1    0    1 120.000	
   0    1   -1   -1    0   -1 60.000	
   0    1   -1   -1    1    0 60.000	
   0    1   -1   -1    1   -1 35.264	
   0    1   -1   -1   -1    0 120.000	
   0    1   -1   -1   -1   -1 90.000	
   0    1   -1   -1   -1    1 144.736	
   0    1   -1   -1   -1   -1 90.000	
   0    1   -1   -1    1    1 90.000	
   0    1   -1   -1    1   -1 35.264	
   0    1   -1   -1    1    1 90.000	
   0    1   -1   -1    1   -1 35.264	
   0    1   -1   -1   -1    1 144.736	
   0    1   -1   -1   -1   -1 90.000	
   0    1   -1   -1   -1    1 144.736	
   0    1   -1   -1   -1   -1 90.000	
   0   -1    1    0    1    1 90.000	
   0   -1    1    0    1   -1 180.000	
   0   -1    1    0    1    1 90.000	
   0   -1    1    0    1   -1 180.000	
   0   -1    1    0   -1    1 0.000	
   0   -1    1    0   -1   -1 90.000	
   0   -1    1    0   -1    1 0.000	
   0   -1    1    0   -1   -1 90.000	
   0   -1    1    1    0    1 60.000	
   0   -1    1    1    0   -1 120.000	
   0   -1    1    1    1    0 120.000	
   0   -1    1    1    1   -1 144.736	
   0   -1    1    1   -1    0 60.000	
   0   -1    1    1   -1   -1 90.000	
   0   -1    1    1   -1    1 35.264	
   0   -1    1    1   -1   -1 90.000	
   0   -1    1    1    0    1 60.000	
   0   -1    1    1    0   -1 120.000	
   0   -1    1    1    1    0 120.000	
   0   -1    1    1    1   -1 144.736	
   0   -1    1    1   -1    0 60.000	
   0   -1    1    1   -1   -1 90.000	
   0   -1    1    1   -1    1 35.264	
   0   -1    1    1   -1   -1 90.000	
   0   -1    1   -1    0    1 60.000	
   0   -1    1   -1    0   -1 120.000	
   0   -1    1   -1    1    0 120.000	
   0   -1    1   -1    1   -1 144.736	
   0   -1    1   -1   -1    0 60.000	
   0   -1    1   -1   -1   -1 90.000	
   0   -1    1   -1   -1    1 35.264	
   0   -1    1   -1   -1   -1 90.000	
   0   -1    1   -1    0    1 60.000	
   0   -1    1   -1    0   -1 120.000	
   0   -1    1   -1    1    0 120.000	
   0   -1    1   -1    1   -1 144.736	
   0   -1    1   -1   -1    0 60.000	
   0   -1    1   -1   -1   -1 90.000	
   0   -1    1   -1   -1    1 35.264	
   0   -1    1   -1   -1   -1 90.000	
   0   -1    1   -1    1    1 90.000	
   0   -1    1   -1    1   -1 144.736	
   0   -1    1   -1    1    1 90.000	
   0   -1    1   -1    1   -1 144.736	
   0   -1    1   -1   -1    1 35.264	
   0   -1    1   -1   -1   -1 90.000	
   0   -1    1   -1   -1    1 35.264	
   0   -1    1   -1   -1   -1 90.000	
   0   -1   -1    0    1    1 180.000	
   0   -1   -1    0    1   -1 90.000	
   0   -1   -1    0    1    1 180.000	
   0   -1   -1    0    1   -1 90.000	
   0   -1   -1    0   -1    1 90.000	
   0   -1   -1    0   -1   -1 0.000	
   0   -1   -1    0   -1    1 90.000	
   0   -1   -1    0   -1   -1 0.000	
   0   -1   -1    1    0    1 120.000	
   0   -1   -1    1    0   -1 60.000	
   0   -1   -1    1    1    0 120.000	
   0   -1   -1    1    1   -1 90.000	
   0   -1   -1    1   -1    0 60.000	
   0   -1   -1    1   -1   -1 35.264	
   0   -1   -1    1   -1    1 90.000	
   0   -1   -1    1   -1   -1 35.264	
   0   -1   -1    1    0    1 120.000	
   0   -1   -1    1    0   -1 60.000	
   0   -1   -1    1    1    0 120.000	
   0   -1   -1    1    1   -1 90.000	
   0   -1   -1    1   -1    0 60.000	
   0   -1   -1    1   -1   -1 35.264	
   0   -1   -1    1   -1    1 90.000	
   0   -1   -1    1   -1   -1 35.264	
   0   -1   -1   -1    0    1 120.000	
   0   -1   -1   -1    0   -1 60.000	
   0   -1   -1   -1    1    0 120.000	
   0   -1   -1   -1    1   -1 90.000	
   0   -1   -1   -1   -1    0 60.000	
   0   -1   -1   -1   -1   -1 35.264	
   0   -1   -1   -1   -1    1 90.000	
   0   -1   -1   -1   -1   -1 35.264	
   0   -1   -1   -1    0    1 120.000	
   0   -1   -1   -1    0   -1 60.000	
   0   -1   -1   -1    1    0 120.000	
   0   -1   -1   -1    1   -1 90.000	
   0   -1   -1   -1   -1    0 60.000	
   0   -1   -1   -1   -1   -1 35.264	
   0   -1   -1   -1   -1    1 90.000	
   0   -1   -1   -1   -1   -1 35.264	
   0   -1   -1   -1    1    1 144.736	
   0   -1   -1   -1    1   -1 90.000	
   0   -1   -1   -1    1    1 144.736	
   0   -1   -1   -1    1   -1 90.000	
   0   -1   -1   -1   -1    1 90.000	
   0   -1   -1   -1   -1   -1 35.264	
   0   -1   -1   -1   -1    1 90.000	
   0   -1   -1   -1   -1   -1 35.264	
   0   -1    1    0    1    1 90.000	
   0   -1    1    0    1   -1 180.000	
   0   -1    1    0    1    1 90.000	
   0   -1    1    0    1   -1 180.000	
   0   -1    1    0   -1    1 0.000	
   0   -1    1    0   -1   -1 90.000	
   0   -1    1    0   -1    1 0.000	
   0   -1    1    0   -1   -1 90.000	
   0   -1    1    1    0    1 60.000	
   0   -1    1    1    0   -1 120.000	
   0   -1    1    1    1    0 120.000	
   0   -1    1    1    1   -1 144.736	
   0   -1    1    1   -1    0 60.000	
   0   -1    1    1   -1   -1 90.000	
   0   -1    1    1   -1    1 35.264	
   0   -1    1    1   -1   -1 90.000	
   0   -1    1    1    0    1 60.000	
   0   -1    1    1    0   -1 120.000	
   0   -1    1    1    1    0 120.000	
   0   -1    1    1    1   -1 144.736	
   0   -1    1    1   -1    0 60.000	
   0   -1    1    1   -1   -1 90.000	
   0   -1    1    1   -1    1 35.264	
   0   -1    1    1   -1   -1 90.000	
   0   -1    1   -1    0    1 60.000	
   0   -1    1   -1    0   -1 120.000	
   0   -1    1   -1    1    0 120.000	
   0   -1    1   -1    1   -1 144.736	
   0   -1    1   -1   -1    0 60.000	
   0   -1    1   -1   -1   -1 90.000	
   0   -1    1   -1   -1    1 35.264	
   0   -1    1   -1   -1   -1 90.000	
   0   -1    1   -1    0    1 60.000	
   0   -1    1   -1    0   -1 120.000	
   0   -1    1   -1    1    0 120.000	
   0   -1    1   -1    1   -1 144.736	
   0   -1    1   -1   -1    0 60.000	
   0   -1    1   -1   -1   -1 90.000	
   0   -1    1   -1   -1    1 35.264	
   0   -1    1   -1   -1   -1 90.000	
   0   -1    1   -1    1    1 90.000	
   0   -1    1   -1    1   -1 144.736	
   0   -1    1   -1    1    1 90.000	
   0   -1    1   -1    1   -1 144.736	
   0   -1    1   -1   -1    1 35.264	
   0   -1    1   -1   -1   -1 90.000	
   0   -1    1   -1   -1    1 35.264	
   0   -1    1   -1   -1   -1 90.000	
   0   -1   -1    0    1    1 180.000	
   0   -1   -1    0    1   -1 90.000	
   0   -1   -1    0    1    1 180.000	
   0   -1   -1    0    1   -1 90.000	
   0   -1   -1    0   -1    1 90.000	
   0   -1   -1    0   -1   -1 0.000	
   0   -1   -1    0   -1    1 90.000	
   0   -1   -1    0   -1   -1 0.000	
   0   -1   -1    1    0    1 120.000	
   0   -1   -1    1    0   -1 60.000	
   0   -1   -1    1    1    0 120.000	
   0   -1   -1    1    1   -1 90.000	
   0   -1   -1    1   -1    0 60.000	
   0   -1   -1    1   -1   -1 35.264	
   0   -1   -1    1   -1    1 90.000	
   0   -1   -1    1   -1   -1 35.264	
   0   -1   -1    1    0    1 120.000	
   0   -1   -1    1    0   -1 60.000	
   0   -1   -1    1    1    0 120.000	
   0   -1   -1    1    1   -1 90.000	
   0   -1   -1    1   -1    0 60.000	
   0   -1   -1    1   -1   -1 35.264	
   0   -1   -1    1   -1    1 90.000	
   0   -1   -1    1   -1   -1 35.264	
   0   -1   -1   -1    0    1 120.000	
   0   -1   -1   -1    0   -1 60.000	
   0   -1   -1   -1    1    0 120.000	
   0   -1   -1   -1    1   -1 90.000	
   0   -1   -1   -1   -1    0 60.000	
   0   -1   -1   -1   -1   -1 35.264	
   0   -1   -1   -1   -1    1 90.000	
   0   -1   -1   -1   -1   -1 35.264	
   0   -1   -1   -1    0    1 120.000	
   0   -1   -1   -1    0   -1 60.000	
   0   -1   -1   -1    1    0 120.000	
   0   -1   -1   -1    1   -1 90.000	
   0   -1   -1   -1   -1    0 60.000	
   0   -1   -1   -1   -1   -1 35.264	
   0   -1   -1   -1   -1    1 90.000	
   0   -1   -1   -1   -1   -1 35.264	
   0   -1   -1   -1    1    1 144.736	
   0   -1   -1   -1    1   -1 90.000	
   0   -1   -1   -1    1    1 144.736	
   0   -1   -1   -1    1   -1 90.000	
   0   -1   -1   -1   -1    1 90.000	
   0   -1   -1   -1   -1   -1 35.264	
   0   -1   -1   -1   -1    1 90.000	
   0   -1   -1   -1   -1   -1 35.264	
  -1    0    1    0    1    1 60.000	
  -1    0    1    0    1   -1 120.000	
  -1    0    1    0    1    1 60.000	
  -1    0    1    0    1   -1 120.000	
  -1    0    1    0   -1    1 60.000	
  -1    0    1    0   -1   -1 120.000	
  -1    0    1    0   -1    1 60.000	
  -1    0    1    0   -1   -1 120.000	
  -1    0    1    1    0    1 90.000	
  -1    0    1    1    0   -1 180.000	
  -1    0    1    1    1    0 120.000	
  -1    0    1    1    1   -1 144.736	
  -1    0    1    1   -1    0 120.000	
  -1    0    1    1   -1   -1 144.736	
  -1    0    1    1   -1    1 90.000	
  -1    0    1    1   -1   -1 144.736	
  -1    0    1    1    0    1 90.000	
  -1    0    1    1    0   -1 180.000	
  -1    0    1    1    1    0 120.000	
  -1    0    1    1    1   -1 144.736	
  -1    0    1    1   -1    0 120.000	
  -1    0    1    1   -1   -1 144.736	
  -1    0    1    1   -1    1 90.000	
  -1    0    1    1   -1   -1 144.736	
  -1    0    1   -1    0    1 0.000	
  -1    0    1   -1    0   -1 90.000	
  -1    0    1   -1    1    0 60.000	
  -1    0    1   -1    1   -1 90.000	
  -1    0    1   -1   -1    0 60.000	
  -1    0    1   -1   -1   -1 90.000	
  -1    0    1   -1   -1    1 35.264	
  -1    0    1   -1   -1   -1 90.000	
  -1    0    1   -1    0    1 0.000	
  -1    0    1   -1    0   -1 90.000	
  -1    0    1   -1    1    0 60.000	
  -1    0    1   -1    1   -1 90.000	
  -1    0    1   -1   -1    0 60.000	
  -1    0    1   -1   -1   -1 90.000	
  -1    0    1   -1   -1    1 35.264	
  -1    0    1   -1   -1   -1 90.000	
  -1    0    1   -1    1    1 35.264	
  -1    0    1   -1    1   -1 90.000	
  -1    0    1   -1    1    1 35.264	
  -1    0    1   -1    1   -1 90.000	
  -1    0    1   -1   -1    1 35.264	
  -1    0    1   -1   -1   -1 90.000	
  -1    0    1   -1   -1    1 35.264	
  -1    0    1   -1   -1   -1 90.000	
  -1    0   -1    0    1    1 120.000	
  -1    0   -1    0    1   -1 60.000	
  -1    0   -1    0    1    1 120.000	
  -1    0   -1    0    1   -1 60.000	
  -1    0   -1    0   -1    1 120.000	
  -1    0   -1    0   -1   -1 60.000	
  -1    0   -1    0   -1    1 120.000	
  -1    0   -1    0   -1   -1 60.000	
  -1    0   -1    1    0    1 180.000	
  -1    0   -1    1    0   -1 90.000	
  -1    0   -1    1    1    0 120.000	
  -1    0   -1    1    1   -1 90.000	
  -1    0   -1    1   -1    0 120.000	
  -1    0   -1    1   -1   -1 90.000	
  -1    0   -1    1   -1    1 144.736	
  -1    0   -1    1   -1   -1 90.000	
  -1    0   -1    1    0    1 180.000	
  -1    0   -1    1    0   -1 90.000	
  -1    0   -1    1    1    0 120.000	
  -1    0   -1    1    1   -1 90.000	
  -1    0   -1    1   -1    0 120.000	
  -1    0   -1    1   -1   -1 90.000	
  -1    0   -1    1   -1    1 144.736	
  -1    0   -1    1   -1   -1 90.000	
  -1    0   -1   -1    0    1 90.000	
  -1    0   -1   -1    0   -1 0.000	
  -1    0   -1   -1    1    0 60.000	
  -1    0   -1   -1    1   -1 35.264	
  -1    0   -1   -1   -1    0 60.000	
  -1    0   -1   -1   -1   -1 35.264	
  -1    0   -1   -1   -1    1 90.000	
  -1    0   -1   -1   -1   -1 35.264	
  -1    0   -1   -1    0    1 90.000	
  -1    0   -1   -1    0   -1 0.000	
  -1    0   -1   -1    1    0 60.000	
  -1    0   -1   -1    1   -1 35.264	
  -1    0   -1   -1   -1    0 60.000	
  -1    0   -1   -1   -1   -1 35.264	
  -1    0   -1   -1   -1    1 90.000	
  -1    0   -1   -1   -1   -1 35.264	
  -1    0   -1   -1    1    1 90.000	
  -1    0   -1   -1    1   -1 35.264	
  -1    0   -1   -1    1    1 90.000	
  -1    0   -1   -1    1   -1 35.264	
  -1    0   -1   -1   -1    1 90.000	
  -1    0   -1   -1   -1   -1 35.264	
  -1    0   -1   -1   -1    1 90.000	
  -1    0   -1   -1   -1   -1 35.264	
  -1    1    0    0    1    1 60.000	
  -1    1    0    0    1   -1 60.000	
  -1    1    0    0    1    1 60.000	
  -1    1    0    0    1   -1 60.000	
  -1    1    0    0   -1    1 120.000	
  -1    1    0    0   -1   -1 120.000	
  -1    1    0    0   -1    1 120.000	
  -1    1    0    0   -1   -1 120.000	
  -1    1    0    1    0    1 120.000	
  -1    1    0    1    0   -1 120.000	
  -1    1    0    1    1    0 90.000	
  -1    1    0    1    1   -1 90.000	
  -1    1    0    1   -1    0 180.000	
  -1    1    0    1   -1   -1 144.736	
  -1    1    0    1   -1    1 144.736	
  -1    1    0    1   -1   -1 144.736	
  -1    1    0    1    0    1 120.000	
  -1    1    0    1    0   -1 120.000	
  -1    1    0    1    1    0 90.000	
  -1    1    0    1    1   -1 90.000	
  -1    1    0    1   -1    0 180.000	
  -1    1    0    1   -1   -1 144.736	
  -1    1    0    1   -1    1 144.736	
  -1    1    0    1   -1   -1 144.736	
  -1    1    0   -1    0    1 60.000	
  -1    1    0   -1    0   -1 60.000	
  -1    1    0   -1    1    0 0.000	
  -1    1    0   -1    1   -1 35.264	
  -1    1    0   -1   -1    0 90.000	
  -1    1    0   -1   -1   -1 90.000	
  -1    1    0   -1   -1    1 90.000	
  -1    1    0   -1   -1   -1 90.000	
  -1    1    0   -1    0    1 60.000	
  -1    1    0   -1    0   -1 60.000	
  -1    1    0   -1    1    0 0.000	
  -1    1    0   -1    1   -1 35.264	
  -1    1    0   -1   -1    0 90.000	
  -1    1    0   -1   -1   -1 90.000	
  -1    1    0   -1   -1    1 90.000	
  -1    1    0   -1   -1   -1 90.000	
  -1    1    0   -1    1    1 35.264	
  -1    1    0   -1    1   -1 35.264	
  -1    1    0   -1    1    1 35.264	
  -1    1    0   -1    1   -1 35.264	
  -1    1    0   -1   -1    1 90.000	
  -1    1    0   -1   -1   -1 90.000	
  -1    1    0   -1   -1    1 90.000	
  -1    1    0   -1   -1   -1 90.000	
  -1    1    0    0    1    1 60.000	
  -1    1    0    0    1   -1 60.000	
  -1    1    0    0    1    1 60.000	
  -1    1    0    0    1   -1 60.000	
  -1    1    0    0   -1    1 120.000	
  -1    1    0    0   -1   -1 120.000	
  -1    1    0    0   -1    1 120.000	
  -1    1    0    0   -1   -1 120.000	
  -1    1    0    1    0    1 120.000	
  -1    1    0    1    0   -1 120.000	
  -1    1    0    1    1    0 90.000	
  -1    1    0    1    1   -1 90.000	
  -1    1    0    1   -1    0 180.000	
  -1    1    0    1   -1   -1 144.736	
  -1    1    0    1   -1    1 144.736	
  -1    1    0    1   -1   -1 144.736	
  -1    1    0    1    0    1 120.000	
  -1    1    0    1    0   -1 120.000	
  -1    1    0    1    1    0 90.000	
  -1    1    0    1    1   -1 90.000	
  -1    1    0    1   -1    0 180.000	
  -1    1    0    1   -1   -1 144.736	
  -1    1    0    1   -1    1 144.736	
  -1    1    0    1   -1   -1 144.736	
  -1    1    0   -1    0    1 60.000	
  -1    1    0   -1    0   -1 60.000	
  -1    1    0   -1    1    0 0.000	
  -1    1    0   -1    1   -1 35.264	
  -1    1    0   -1   -1    0 90.000	
  -1    1    0   -1   -1   -1 90.000	
  -1    1    0   -1   -1    1 90.000	
  -1    1    0   -1   -1   -1 90.000	
  -1    1    0   -1    0    1 60.000	
  -1    1    0   -1    0   -1 60.000	
  -1    1    0   -1    1    0 0.000	
  -1    1    0   -1    1   -1 35.264	
  -1    1    0   -1   -1    0 90.000	
  -1    1    0   -1   -1   -1 90.000	
  -1    1    0   -1   -1    1 90.000	
  -1    1    0   -1   -1   -1 90.000	
  -1    1    0   -1    1    1 35.264	
  -1    1    0   -1    1   -1 35.264	
  -1    1    0   -1    1    1 35.264	
  -1    1    0   -1    1   -1 35.264	
  -1    1    0   -1   -1    1 90.000	
  -1    1    0   -1   -1   -1 90.000	
  -1    1    0   -1   -1    1 90.000	
  -1    1    0   -1   -1   -1 90.000	
  -1   -1    0    0    1    1 120.000	
  -1   -1    0    0    1   -1 120.000	
  -1   -1    0    0    1    1 120.000	
  -1   -1    0    0    1   -1 120.000	
  -1   -1    0    0   -1    1 60.000	
  -1   -1    0    0   -1   -1 60.000	
  -1   -1    0    0   -1    1 60.000	
  -1   -1    0    0   -1   -1 60.000	
  -1   -1    0    1    0    1 120.000	
  -1   -1    0    1    0   -1 120.000	
  -1   -1    0    1    1    0 180.000	
  -1   -1    0    1    1   -1 144.736	
  -1   -1    0    1   -1    0 90.000	
  -1   -1    0    1   -1   -1 90.000	
  -1   -1    0    1   -1    1 90.000	
  -1   -1    0    1   -1   -1 90.000	
  -1   -1    0    1    0    1 120.000	
  -1   -1    0    1    0   -1 120.000	
  -1   -1    0    1    1    0 180.000	
  -1   -1    0    1    1   -1 144.736	
  -1   -1    0    1   -1    0 90.000	
  -1   -1    0    1   -1   -1 90.000	
  -1   -1    0    1   -1    1 90.000	
  -1   -1    0    1   -1   -1 90.000	
  -1   -1    0   -1    0    1 60.000	
  -1   -1    0   -1    0   -1 60.000	
  -1   -1    0   -1    1    0 90.000	
  -1   -1    0   -1    1   -1 90.000	
  -1   -1    0   -1   -1    0 0.000	
  -1   -1    0   -1   -1   -1 35.264	
  -1   -1    0   -1   -1    1 35.264	
  -1   -1    0   -1   -1   -1 35.264	
  -1   -1    0   -1    0    1 60.000	
  -1   -1    0   -1    0   -1 60.000	
  -1   -1    0   -1    1    0 90.000	
  -1   -1    0   -1    1   -1 90.000	
  -1   -1    0   -1   -1    0 0.000	
  -1   -1    0   -1   -1   -1 35.264	
  -1   -1    0   -1   -1    1 35.264	
  -1   -1    0   -1   -1   -1 35.264	
  -1   -1    0   -1    1    1 90.000	
  -1   -1    0   -1    1   -1 90.000	
  -1   -1    0   -1    1    1 90.000	
  -1   -1    0   -1    1   -1 90.000	
  -1   -1    0   -1   -1    1 35.264	
  -1   -1    0   -1   -1   -1 35.264	
  -1   -1    0   -1   -1    1 35.264	
  -1   -1    0   -1   -1   -1 35.264	
  -1   -1    0    0    1    1 120.000	
  -1   -1    0    0    1   -1 120.000	
  -1   -1    0    0    1    1 120.000	
  -1   -1    0    0    1   -1 120.000	
  -1   -1    0    0   -1    1 60.000	
  -1   -1    0    0   -1   -1 60.000	
  -1   -1    0    0   -1    1 60.000	
  -1   -1    0    0   -1   -1 60.000	
  -1   -1    0    1    0    1 120.000	
  -1   -1    0    1    0   -1 120.000	
  -1   -1    0    1    1    0 180.000	
  -1   -1    0    1    1   -1 144.736	
  -1   -1    0    1   -1    0 90.000	
  -1   -1    0    1   -1   -1 90.000	
  -1   -1    0    1   -1    1 90.000	
  -1   -1    0    1   -1   -1 90.000	
  -1   -1    0    1    0    1 120.000	
  -1   -1    0    1    0   -1 120.000	
  -1   -1    0    1    1    0 180.000	
  -1   -1    0    1    1   -1 144.736	
  -1   -1    0    1   -1    0 90.000	
  -1   -1    0    1   -1   -1 90.000	
  -1   -1    0    1   -1    1 90.000	
  -1   -1    0    1   -1   -1 90.000	
  -1   -1    0   -1    0    1 60.000	
  -1   -1    0   -1    0   -1 60.000	
  -1   -1    0   -1    1    0 90.000	
  -1   -1    0   -1    1   -1 90.000	
  -1   -1    0   -1   -1    0 0.000	
  -1   -1    0   -1   -1   -1 35.264	
  -1   -1    0   -1   -1    1 35.264	
  -1   -1    0   -1   -1   -1 35.264	
  -1   -1    0   -1    0    1 60.000	
  -1   -1    0   -1    0   -1 60.000	
  -1   -1    0   -1    1    0 90.000	
  -1   -1    0   -1    1   -1 90.000	
  -1   -1    0   -1   -1    0 0.000	
  -1   -1    0   -1   -1   -1 35.264	
  -1   -1    0   -1   -1    1 35.264	
  -1   -1    0   -1   -1   -1 35.264	
  -1   -1    0   -1    1    1 90.000	
  -1   -1    0   -1    1   -1 90.000	
  -1   -1    0   -1    1    1 90.000	
  -1   -1    0   -1    1   -1 90.000	
  -1   -1    0   -1   -1    1 35.264	
  -1   -1    0   -1   -1   -1 35.264	
  -1   -1    0   -1   -1    1 35.264	
  -1   -1    0   -1   -1   -1 35.264	
  -1    0    1    0    1    1 60.000	
  -1    0    1    0    1   -1 120.000	
  -1    0    1    0    1    1 60.000	
  -1    0    1    0    1   -1 120.000	
  -1    0    1    0   -1    1 60.000	
  -1    0    1    0   -1   -1 120.000	
  -1    0    1    0   -1    1 60.000	
  -1    0    1    0   -1   -1 120.000	
  -1    0    1    1    0    1 90.000	
  -1    0    1    1    0   -1 180.000	
  -1    0    1    1    1    0 120.000	
  -1    0    1    1    1   -1 144.736	
  -1    0    1    1   -1    0 120.000	
  -1    0    1    1   -1   -1 144.736	
  -1    0    1    1   -1    1 90.000	
  -1    0    1    1   -1   -1 144.736	
  -1    0    1    1    0    1 90.000	
  -1    0    1    1    0   -1 180.000	
  -1    0    1    1    1    0 120.000	
  -1    0    1    1    1   -1 144.736	
  -1    0    1    1   -1    0 120.000	
  -1    0    1    1   -1   -1 144.736	
  -1    0    1    1   -1    1 90.000	
  -1    0    1    1   -1   -1 144.736	
  -1    0    1   -1    0    1 0.000	
  -1    0    1   -1    0   -1 90.000	
  -1    0    1   -1    1    0 60.000	
  -1    0    1   -1    1   -1 90.000	
  -1    0    1   -1   -1    0 60.000	
  -1    0    1   -1   -1   -1 90.000	
  -1    0    1   -1   -1    1 35.264	
  -1    0    1   -1   -1   -1 90.000	
  -1    0    1   -1    0    1 0.000	
  -1    0    1   -1    0   -1 90.000	
  -1    0    1   -1    1    0 60.000	
  -1    0    1   -1    1   -1 90.000	
  -1    0    1   -1   -1    0 60.000	
  -1    0    1   -1   -1   -1 90.000	
  -1    0    1   -1   -1    1 35.264	
  -1    0    1   -1   -1   -1 90.000	
  -1    0    1   -1    1    1 35.264	
  -1    0    1   -1    1   -1 90.000	
  -1    0    1   -1    1    1 35.264	
  -1    0    1   -1    1   -1 90.000	
  -1    0    1   -1   -1    1 35.264	
  -1    0    1   -1   -1   -1 90.000	
  -1    0    1   -1   -1    1 35.264	
  -1    0    1   -1   -1   -1 90.000	
  -1    0   -1    0    1    1 120.000	
  -1    0   -1    0    1   -1 60.000	
  -1    0   -1    0    1    1 120.000	
  -1    0   -1    0    1   -1 60.000	
  -1    0   -1    0   -1    1 120.000	
  -1    0   -1    0   -1   -1 60.000	
  -1    0   -1    0   -1    1 120.000	
  -1    0   -1    0   -1   -1 60.000	
  -1    0   -1    1    0    1 180.000	
  -1    0   -1    1    0   -1 90.000	
  -1    0   -1    1    1    0 120.000	
  -1    0   -1    1    1   -1 90.000	
  -1    0   -1    1   -1    0 120.000	
  -1    0   -1    1   -1   -1 90.000	
  -1    0   -1    1   -1    1 144.736	
  -1    0   -1    1   -1   -1 90.000	
  -1    0   -1    1    0    1 180.000	
  -1    0   -1    1    0   -1 90.000	
  -1    0   -1    1    1    0 120.000	
  -1    0   -1    1    1   -1 90.000	
  -1    0   -1    1   -1    0 120.000	
  -1    0   -1    1   -1   -1 90.000	
  -1    0   -1    1   -1    1 144.736	
  -1    0   -1    1   -1   -1 90.000	
  -1    0   -1   -1    0    1 90.000	
  -1    0   -1   -1    0   -1 0.000	
  -1    0   -1   -1    1    0 60.000	
  -1    0   -1   -1    1   -1 35.264	
  -1    0   -1   -1   -1    0 60.000	
  -1    0   -1   -1   -1   -1 35.264	
  -1    0   -1   -1   -1    1 90.000	
  -1    0   -1   -1   -1   -1 35.264	
  -1    0   -1   -1    0    1 90.000	
  -1    0   -1   -1    0   -1 0.000	
  -1    0   -1   -1    1    0 60.000	
  -1    0   -1   -1    1   -1 35.264	
  -1    0   -1   -1   -1    0 60.000	
  -1    0   -1   -1   -1   -1 35.264	
  -1    0   -1   -1   -1    1 90.000	
  -1    0   -1   -1   -1   -1 35.264	
  -1    0   -1   -1    1    1 90.000	
  -1    0   -1   -1    1   -1 35.264	
  -1    0   -1   -1    1    1 90.000	
  -1    0   -1   -1    1   -1 35.264	
  -1    0   -1   -1   -1    1 90.000	
  -1    0   -1   -1   -1   -1 35.264	
  -1    0   -1   -1   -1    1 90.000	
  -1    0   -1   -1   -1   -1 35.264	
